88 428.00 227.00 482.00 310.00
89 422.44 229.90 477.15 313.02
90 421.53 229.06 477.55 312.35
91 421.07 229.45 478.23 312.62
92 418.49 227.70 477.09 311.07
93 418.08 227.78 477.73 311.43
94 419.51 226.97 478.46 311.94
95 419.79 227.00 478.49 312.34
96 420.66 227.45 478.79 312.04
97 420.48 227.68 478.40 312.17
98 421.49 226.79 479.15 310.94
99 421.58 226.83 478.95 310.77
100 423.79 225.76 479.56 309.74
101 424.86 222.60 479.83 307.40
102 425.37 222.45 479.79 307.78
103 426.31 217.94 479.75 304.16
104 426.64 217.70 479.62 304.34
105 428.71 211.99 479.62 298.33
106 428.70 211.82 479.12 298.35
107 427.69 201.21 476.82 288.63
108 427.44 201.48 476.15 288.70
109 424.28 193.60 471.80 282.07
110 424.46 193.69 471.77 281.74
111 424.42 189.48 471.07 277.07
112 423.96 184.12 469.89 272.31
113 423.67 184.69 469.32 273.45
114 423.90 180.25 469.13 267.37
115 424.14 180.41 469.01 267.16
116 424.24 174.32 468.78 261.12
117 424.24 174.00 468.40 260.66
118 424.39 169.99 468.20 256.32
119 424.51 169.81 467.98 256.24
120 424.47 165.50 467.73 252.07
121 424.24 164.95 467.67 252.17
122 423.12 162.67 466.88 248.95
123 422.47 157.74 465.86 242.40
124 422.05 158.26 465.46 242.13
125 420.69 154.73 463.62 236.44
126 420.73 154.21 463.60 235.23
127 417.05 148.43 459.22 229.17
128 417.89 148.01 458.90 228.32
129 417.35 147.59 457.76 228.37
130 417.20 147.33 457.19 228.00
131 416.50 147.15 456.30 228.77
132 415.97 147.13 456.02 228.28
133 414.13 147.47 453.91 228.00
134 414.64 147.74 453.99 228.59
135 410.36 147.65 450.83 226.75
136 409.76 148.68 451.52 226.96
137 402.44 151.44 446.98 228.76
138 401.46 151.59 449.12 227.69
139 393.18 150.62 443.01 225.49
140 391.93 151.83 444.53 225.73
141 381.66 151.15 435.38 224.59
142 380.85 151.83 435.63 224.12
143 371.31 152.01 424.73 225.40
144 370.51 151.50 422.29 224.54
145 363.92 152.71 414.79 225.39
146 357.66 152.60 407.07 224.21
147 357.59 152.58 406.41 223.58
148 352.85 154.49 401.27 225.52
149 352.54 154.42 401.76 225.15
150 346.27 153.06 395.51 223.44
151 346.14 153.57 395.75 223.34
152 337.85 153.48 384.79 223.94
153 338.93 153.67 384.18 223.91
154 332.79 155.32 376.30 226.25
155 327.52 156.97 370.58 227.75
156 327.23 156.95 370.60 227.15
157 320.08 156.64 362.66 226.89
158 319.77 156.37 361.74 226.29
159 313.34 159.54 355.09 230.06
160 313.24 159.64 355.11 229.23
161 308.45 161.66 351.68 231.80
162 307.49 162.26 352.49 231.85
163 302.51 162.30 348.73 231.30
164 302.18 162.59 349.16 230.94
165 295.11 162.83 341.08 231.43
166 295.42 162.68 340.21 230.60
167 289.12 164.32 333.12 232.39
168 288.85 164.60 333.10 232.35
169 283.02 166.14 328.05 233.83
170 282.17 166.14 328.02 233.48
171 276.98 166.42 322.07 233.37
172 277.36 166.52 321.57 232.98
173 271.41 169.85 314.17 236.65
174 271.59 169.86 313.61 236.11
175 261.31 173.63 304.37 240.33
176 260.67 173.94 304.62 239.28
177 250.49 175.84 297.96 241.53
178 249.07 176.18 298.77 241.00
179 247.75 178.16 298.81 243.27
180 247.76 178.25 300.00 243.07
181 248.30 179.53 301.08 244.85
182 248.45 179.35 301.18 244.50
183 248.58 181.37 301.11 245.22
184 248.89 182.08 301.34 245.51
185 249.88 184.75 298.82 249.27
186 251.44 185.00 298.71 248.78
187 251.50 188.94 297.98 253.29
188 251.95 189.36 298.07 253.37
189 252.82 196.50 298.67 260.78
190 252.89 197.87 298.46 261.36
191 252.93 201.81 299.92 266.92
192 253.13 202.34 300.06 266.68
193 253.51 204.67 299.80 267.55
194 254.29 205.23 300.17 267.19
195 257.11 209.99 302.50 271.74
196 257.03 210.66 302.41 271.97
197 260.29 218.19 305.53 281.81
198 260.65 218.74 305.90 281.86
199 261.83 223.19 307.26 286.96
200 261.86 223.78 307.62 287.10
201 262.92 229.63 310.21 298.03
202 262.93 229.89 310.52 297.76
203 262.90 236.50 311.22 304.68
204 262.52 237.20 311.33 304.48
205 262.33 242.29 311.35 309.72
206 262.42 242.64 311.61 309.40
207 261.20 244.07 310.87 309.99
208 261.14 244.53 310.84 310.22
209 260.14 246.24 310.36 313.57
210 260.18 246.49 310.69 313.94
211 259.89 249.20 310.91 317.90
212 259.93 249.93 311.27 319.25
213 259.66 249.27 311.12 319.22
214 259.31 248.95 310.92 319.12
215 258.72 248.87 310.68 318.97
216 258.44 248.89 310.75 318.75
217 258.01 246.91 310.69 317.38
218 258.38 240.32 310.86 312.20
219 258.30 239.21 310.56 311.88
220 258.80 230.50 310.11 307.49
221 258.73 228.60 309.70 308.80
222 261.13 216.32 310.29 297.97
223 261.93 215.70 309.94 298.93
224 266.31 207.95 312.29 289.92
225 267.35 207.69 312.16 290.36
226 270.41 201.85 313.62 285.59
227 270.65 202.12 313.45 286.40
228 272.60 197.04 314.53 280.21
229 272.58 196.95 314.40 279.57
230 275.50 188.44 316.61 269.88
231 276.04 188.45 316.52 269.82
232 277.72 180.95 317.38 262.72
233 278.30 181.06 317.49 262.33
234 279.95 175.94 318.55 257.21
235 280.20 176.14 318.35 256.49
236 282.60 174.41 320.36 253.82
237 282.97 174.72 320.42 254.17
238 286.56 170.76 323.45 249.51
239 287.07 171.31 323.00 250.06
240 291.00 167.70 326.56 245.68
241 291.42 167.71 326.96 244.93
242 295.14 164.29 331.07 240.01
243 295.62 164.83 331.91 240.33
244 300.01 163.63 336.73 238.10
245 300.17 163.62 337.26 237.55
246 304.87 158.03 342.20 232.63
247 305.63 157.91 342.67 231.84
248 311.32 152.83 347.72 227.03
249 311.99 152.34 347.94 226.60
250 319.49 144.48 353.40 216.24
251 321.27 136.86 353.56 206.90
252 321.72 137.02 353.09 206.88
253 318.66 135.07 349.77 205.51
254 319.17 134.64 349.80 204.57
255 316.57 133.88 347.26 203.87
256 316.78 133.95 347.24 203.58
257 314.74 131.19 345.11 203.04
258 314.77 131.11 345.00 203.10
259 314.32 129.96 344.16 202.66
260 314.76 130.17 344.27 202.65
261 314.61 128.44 343.97 200.66
262 314.55 127.87 343.68 201.15
263 314.66 128.51 343.93 201.71
264 314.63 128.38 343.74 201.78
265 315.65 129.82 345.21 202.00
266 315.37 130.37 345.18 201.76
267 317.09 129.39 346.87 201.64
268 316.82 129.20 346.82 201.53
269 317.97 122.45 348.12 193.02
270 317.94 122.13 348.21 193.01
271 319.41 116.82 350.14 186.54
272 319.46 115.77 349.99 185.82
273 322.37 110.35 353.13 181.65
274 322.48 109.21 352.90 180.17
275 323.25 108.67 354.23 178.92
276 322.88 109.47 354.22 179.48
277 323.31 111.97 355.17 180.89
278 323.38 111.96 355.71 179.94
279 324.46 113.55 358.67 179.32
280 324.05 115.77 359.51 179.93
281 326.38 117.74 363.35 179.79
282 327.80 122.28 367.72 180.02
283 327.04 124.22 368.96 179.47
284 332.34 125.08 375.53 177.91
285 342.50 126.28 384.47 175.48
286 346.07 127.42 386.87 174.31
287 354.28 129.45 393.68 174.02
288 356.29 130.35 394.46 173.71
289 361.00 132.14 397.38 174.48
290 362.48 132.12 397.81 173.99
291 366.05 132.37 400.71 174.90
292 366.24 131.99 400.72 175.21
293 368.76 131.02 402.75 174.08
294 369.37 130.62 402.69 173.60
295 373.85 130.37 406.53 173.09
296 375.73 130.15 407.62 173.03
297 378.69 132.02 410.97 175.56
298 378.68 132.05 411.67 175.72
299 379.44 131.63 413.39 175.74
300 379.43 130.83 414.03 175.31
301 382.80 128.86 418.32 173.57
302 385.23 128.30 421.23 174.06
303 393.29 128.63 429.75 176.04
304 396.15 128.33 432.06 176.39
305 399.59 131.28 435.24 180.03
306 400.93 131.68 436.46 180.44
307 402.80 133.68 438.38 182.11
308 403.25 134.77 439.17 182.56
309 404.74 136.60 441.05 184.42
310 406.55 137.88 442.92 184.59
311 407.91 139.23 445.23 184.67
312 410.58 140.43 448.72 184.79
313 410.08 141.52 449.68 184.71
314 409.86 141.82 451.24 184.18
315 409.77 142.26 452.52 183.83
316 409.05 143.18 453.47 183.60
317 409.21 143.52 454.86 183.25
318 409.55 143.85 456.35 182.07
319 409.03 144.83 456.41 182.16
320 408.66 145.14 456.81 181.18
321 408.38 146.05 456.83 180.82
322 408.17 146.10 456.93 180.10
323 408.06 146.18 457.25 179.43
324 408.05 146.01 457.53 177.92
325 408.31 146.25 457.74 177.45
326 408.03 145.89 457.62 175.46
327 407.78 146.11 457.53 174.93
328 407.27 145.91 457.68 173.54
329 406.93 145.88 457.86 173.10
330 406.35 145.93 458.31 172.37
331 406.37 145.90 458.87 171.95
332 406.00 145.79 458.97 171.37
333 406.60 145.81 459.91 170.87
334 407.04 145.78 459.87 170.39
335 406.91 145.65 459.78 169.67
336 406.94 145.38 460.49 169.06
337 406.97 145.15 460.43 168.36
338 407.34 144.98 460.64 167.83
339 407.46 144.65 460.93 167.40
340 407.12 144.61 460.63 167.20
341 407.02 144.67 461.31 167.29
342 406.71 144.61 461.50 167.15
343 407.13 144.63 461.99 167.45
344 407.04 144.49 461.98 167.32
345 407.92 144.61 463.44 167.30
346 410.15 144.59 465.27 167.04
347 412.81 144.57 467.02 166.74
348 415.55 144.56 468.99 166.65
349 417.70 144.15 470.41 166.24
350 419.42 143.77 471.27 166.63
351 421.34 143.73 471.84 166.55
352 424.12 144.11 472.31 166.99
353 425.91 144.10 472.52 166.89
354 427.57 143.97 471.97 166.87
355 428.64 144.09 472.13 166.78
356 429.63 144.44 471.93 166.82
357 430.41 144.64 472.14 166.66
358 430.69 144.81 471.89 166.49
359 431.04 144.85 472.24 166.47
360 431.30 144.74 471.97 166.19
361 431.56 144.70 472.08 165.94
362 431.89 144.70 472.24 165.71
363 432.06 144.76 472.16 165.64
364 432.34 144.89 472.04 165.60
365 432.50 144.73 471.95 165.43
366 432.91 144.80 471.78 165.34
367 433.25 144.58 471.94 165.07
368 433.28 144.80 471.93 165.34
369 433.30 144.67 471.98 165.17
370 433.31 144.88 472.06 165.47
371 433.49 144.73 472.06 165.32
372 433.68 144.85 472.08 165.35
373 433.74 144.86 471.92 165.26
374 433.72 144.89 471.70 165.46
375 433.71 144.93 471.31 165.23
376 433.66 145.00 471.42 165.39
377 433.48 145.00 471.45 165.42
378 433.35 145.07 471.57 165.53
379 433.46 144.98 471.49 165.52
380 433.63 144.90 471.43 165.43
381 433.57 144.86 471.56 165.42
382 433.29 144.62 471.20 165.34
383 433.26 144.72 471.52 165.54
384 433.26 144.88 471.40 165.72
385 433.26 145.05 471.70 165.95
386 433.59 144.99 471.67 166.06
387 433.69 145.06 471.42 165.96
388 433.85 145.12 471.68 166.15
389 434.01 144.98 471.39 165.86
390 434.33 144.91 471.57 165.87
391 434.42 145.19 471.61 166.07
392 434.39 145.03 471.67 165.73
393 434.42 145.00 471.76 165.77
394 434.26 144.97 471.78 165.81
395 434.11 144.90 471.30 165.72
396 434.05 145.05 471.34 165.82
397 434.12 144.96 471.54 165.81
398 434.45 144.84 471.72 165.80
399 434.58 145.04 471.74 165.90
400 434.90 145.06 471.91 165.90
401 435.19 145.09 472.11 166.13
402 435.17 144.93 471.56 165.75
403 435.17 144.93 471.56 165.75
404 435.17 144.93 471.56 165.75
405 435.17 144.93 471.56 165.75
406 412.00 170.00 412.00 170.00
407 412.00 170.00 412.00 170.00
408 412.00 170.00 412.00 170.00
409 412.00 170.00 412.00 170.00
410 412.00 170.00 412.00 170.00
411 412.00 170.00 412.00 170.00
412 412.00 170.00 412.00 170.00
413 412.00 170.00 412.00 170.00
414 412.00 170.00 412.00 170.00
415 412.00 170.00 412.00 170.00
416 412.00 170.00 412.00 170.00
417 412.00 170.00 412.00 170.00
418 412.00 170.00 412.00 170.00
419 412.00 170.00 412.00 170.00
420 412.00 170.00 412.00 170.00
421 412.00 170.00 412.00 170.00
422 412.00 170.00 412.00 170.00
423 412.00 170.00 412.00 170.00
424 412.00 170.00 412.00 170.00
425 412.00 170.00 412.00 170.00
426 412.00 170.00 412.00 170.00
427 412.00 170.00 412.00 170.00
428 412.00 170.00 412.00 170.00
429 412.00 170.00 412.00 170.00
430 412.00 170.00 412.00 170.00
431 412.00 170.00 412.00 170.00
432 412.00 170.00 412.00 170.00
433 412.00 170.00 412.00 170.00
434 412.00 170.00 412.00 170.00
435 412.00 170.00 412.00 170.00
436 412.00 170.00 412.00 170.00
437 412.00 170.00 412.00 170.00
438 412.00 170.00 412.00 170.00
439 412.00 170.00 412.00 170.00
440 412.00 170.00 412.00 170.00
441 412.00 170.00 412.00 170.00
442 412.00 170.00 412.00 170.00
443 412.00 170.00 412.00 170.00
444 412.00 170.00 412.00 170.00
445 412.00 170.00 412.00 170.00
446 412.00 170.00 412.00 170.00
447 412.00 170.00 412.00 170.00
448 412.00 170.00 412.00 170.00
449 412.00 170.00 412.00 170.00
450 412.00 170.00 412.00 170.00
451 412.00 170.00 412.00 170.00
452 412.00 170.00 412.00 170.00
