177 519.00 182.00 578.00 264.00
178 513.96 179.56 572.74 260.43
179 512.55 179.55 572.27 260.09
180 512.59 179.82 572.55 260.53
181 512.59 180.01 572.58 260.49
182 512.33 180.38 572.37 260.39
183 512.65 180.97 572.76 261.01
184 511.59 179.86 571.88 259.78
185 511.73 180.26 572.21 260.16
186 511.75 180.79 572.40 260.41
187 511.74 180.61 572.17 260.17
188 511.33 180.40 572.13 259.79
189 510.95 180.85 571.77 260.15
190 510.69 180.92 571.77 259.79
191 511.18 181.40 572.16 260.47
192 511.74 181.37 572.48 259.76
193 512.19 181.52 572.56 259.76
194 512.75 181.78 572.95 260.44
195 513.05 181.42 572.98 259.55
196 513.35 181.46 573.12 259.18
197 514.18 183.01 573.73 259.65
198 515.63 184.80 574.76 259.96
199 515.67 184.92 574.79 259.36
200 517.31 188.31 576.65 260.85
201 517.02 193.60 576.77 262.86
202 517.07 194.19 576.58 262.23
203 516.28 199.29 576.46 263.93
204 516.75 201.83 576.67 263.84
205 516.68 201.66 576.36 262.65
206 518.84 205.49 578.95 268.57
207 519.77 210.08 580.05 275.98
208 519.74 209.84 580.24 275.53
209 519.94 213.06 580.27 277.88
210 519.41 212.21 580.19 277.87
211 520.53 213.93 581.55 281.92
212 521.51 217.38 583.19 292.30
213 521.53 217.49 583.08 293.83
214 520.92 222.75 582.66 305.05
215 521.24 223.17 582.83 306.15
216 521.22 226.61 582.93 309.54
217 520.55 229.40 582.08 317.06
218 520.13 230.32 582.00 317.77
219 518.70 235.95 581.16 324.48
220 518.55 236.69 581.42 324.18
221 516.23 239.18 579.44 327.73
222 515.15 239.49 578.57 328.63
223 515.54 238.84 578.97 328.23
224 514.01 236.48 577.69 326.50
225 514.62 236.43 578.04 325.46
226 512.98 230.53 576.04 320.41
227 511.17 226.81 573.26 314.07
228 511.14 226.45 573.65 313.15
229 506.75 217.75 568.35 301.56
230 507.25 218.48 568.83 300.82
231 503.65 209.62 564.25 289.20
232 495.89 200.25 556.11 279.66
233 494.52 199.48 556.40 279.41
234 486.59 193.23 549.10 272.72
235 487.54 194.28 549.97 272.25
236 482.75 188.78 545.29 266.01
237 483.12 188.87 545.39 264.59
238 477.18 183.39 539.27 259.14
239 474.66 176.55 535.88 251.68
240 475.02 175.63 535.83 250.62
241 473.32 170.62 533.82 246.73
242 472.38 166.92 532.56 244.48
243 472.88 165.53 532.39 245.09
244 471.10 162.86 530.08 242.99
245 471.13 162.45 529.85 243.20
246 468.93 161.32 527.10 241.34
247 469.56 160.87 526.76 241.52
248 467.85 158.07 524.28 238.62
249 465.98 154.53 521.98 235.67
250 466.34 155.65 521.73 236.14
251 463.48 148.80 518.46 228.37
252 464.02 150.42 518.05 228.13
253 461.31 141.04 515.31 217.91
254 460.21 134.79 513.41 209.03
255 460.22 134.51 513.18 206.22
256 459.41 131.04 511.97 202.63
257 460.02 130.50 512.21 202.42
258 458.06 126.86 510.45 198.15
259 453.84 124.12 506.48 194.78
260 453.71 123.90 506.73 194.48
261 450.81 120.06 503.54 189.90
262 450.91 120.57 503.81 189.64
263 446.45 118.49 499.30 187.35
264 445.99 118.20 499.18 186.76
265 442.46 115.95 495.27 184.36
266 437.72 110.93 490.56 179.77
267 438.11 111.85 490.95 179.32
268 433.70 108.20 486.23 173.89
269 434.75 109.43 486.87 173.09
270 427.34 105.03 479.76 167.92
271 425.09 103.63 477.78 167.00
272 424.77 101.83 477.80 167.05
273 421.92 96.52 474.88 162.07
274 421.72 97.11 475.46 163.34
275 415.67 95.36 470.24 163.03
276 412.29 93.66 466.81 162.98
277 412.23 94.11 466.48 163.45
278 408.57 95.84 462.65 164.70
279 408.06 95.98 462.48 164.68
280 407.89 95.83 462.01 164.32
281 409.12 96.58 463.09 163.58
282 409.61 96.90 463.25 163.95
283 409.56 97.81 463.24 164.95
284 409.45 97.93 463.04 164.29
285 406.75 99.90 460.43 164.95
286 401.97 103.55 457.88 166.39
287 400.73 104.30 459.56 166.32
288 394.48 105.06 454.40 165.61
289 394.52 106.37 455.84 165.29
290 387.11 110.76 449.38 167.45
291 386.81 113.07 453.69 167.63
292 383.38 114.80 452.50 168.55
293 376.10 115.79 452.46 170.03
294 370.33 116.60 453.03 171.69
295 366.47 116.10 454.62 171.41
296 359.79 116.61 453.39 172.70
297 357.25 114.25 455.69 170.48
298 354.81 113.46 455.22 168.62
299 355.88 114.07 457.41 166.69
300 353.19 114.71 452.34 165.09
301 355.55 116.00 457.92 162.72
302 353.93 117.60 453.36 160.62
303 350.78 117.40 454.79 157.01
304 347.45 116.92 452.15 152.98
305 347.33 116.21 455.19 149.34
306 352.74 116.68 459.38 145.93
307 356.51 116.13 459.90 143.27
308 359.60 114.98 459.48 140.58
309 362.57 115.16 459.05 139.32
310 364.75 115.18 459.19 137.95
311 371.79 114.82 460.04 136.90
312 372.34 114.18 459.63 136.03
313 374.59 113.56 458.75 134.97
314 375.06 113.70 457.88 134.49
315 375.50 113.84 458.08 135.79
316 377.84 113.88 457.58 135.99
317 382.82 111.45 457.75 135.43
318 386.37 111.57 457.56 137.16
319 392.51 107.42 462.82 135.11
320 397.72 108.09 466.14 136.56
321 400.64 108.00 467.99 137.52
322 403.51 111.46 469.71 142.50
323 405.24 112.89 469.81 145.45
324 408.04 114.30 471.56 147.43
325 410.78 116.68 473.11 150.97
326 412.22 116.76 473.14 151.89
327 413.62 121.00 475.00 156.08
328 413.79 122.80 474.83 158.38
329 413.82 126.55 474.10 162.38
330 413.94 130.39 473.45 167.46
331 414.92 130.56 473.30 169.40
332 416.41 134.39 474.29 174.59
333 416.82 134.61 473.76 176.52
334 418.16 137.22 475.18 178.29
335 423.56 143.71 480.65 185.07
336 424.71 144.87 481.74 186.45
337 427.42 147.39 483.60 190.52
338 429.23 146.83 485.04 189.92
339 428.94 152.84 484.25 195.34
340 431.10 156.88 486.28 197.69
341 430.87 158.85 486.08 199.33
342 433.12 160.63 487.66 202.06
343 433.66 161.09 487.98 203.99
344 433.06 162.45 487.34 206.41
345 433.40 163.33 487.80 208.23
346 433.11 165.00 487.50 210.36
347 433.01 166.95 487.99 212.22
348 432.41 166.79 488.17 212.97
349 432.31 167.26 488.78 214.17
350 432.23 167.58 489.16 215.03
351 432.35 168.72 489.58 216.63
352 432.65 169.96 490.46 218.60
353 432.51 170.70 491.39 220.10
354 433.27 172.10 492.10 222.76
355 432.98 172.79 492.37 225.09
356 433.85 175.17 493.49 226.82
357 434.24 177.60 493.91 227.68
358 434.24 177.16 493.36 227.59
359 434.63 179.48 493.43 229.05
360 435.01 181.91 492.96 229.82
361 436.25 184.39 493.78 228.84
362 437.06 188.52 493.51 230.51
363 436.66 189.60 493.26 229.40
364 437.85 194.06 494.08 231.64
365 437.16 195.10 493.68 231.13
366 437.54 197.65 493.98 230.94
367 436.36 200.08 493.24 231.92
368 436.40 202.08 493.58 231.91
369 438.46 206.37 495.10 234.48
370 441.15 209.15 499.10 237.40
371 441.36 211.22 499.24 241.47
372 440.66 218.15 498.44 248.42
373 440.30 227.00 498.91 256.47
374 440.77 231.35 499.74 261.93
375 440.75 234.56 499.65 265.81
376 438.83 236.92 498.02 269.51
377 438.11 237.77 497.89 271.80
378 436.78 237.45 498.29 274.68
379 439.02 240.20 501.36 279.18
380 437.87 247.15 499.94 290.68
381 437.35 256.40 499.03 302.62
382 437.94 268.21 498.86 317.29
383 439.62 273.40 500.27 323.80
384 440.86 275.99 499.73 325.62
385 440.86 279.98 498.84 329.77
386 440.75 280.66 498.42 329.46
387 440.85 283.73 498.88 331.24
388 440.85 286.12 498.80 332.68
389 440.92 287.27 498.66 332.76
390 441.21 288.64 498.62 332.67
391 441.90 289.75 499.41 332.61
392 441.93 290.52 499.26 332.21
393 441.25 290.92 498.46 331.15
394 440.92 292.02 498.26 331.22
395 439.84 293.33 496.88 330.77
396 440.54 294.53 497.16 330.84
397 439.88 296.20 496.78 331.88
398 439.81 297.78 496.50 331.90
399 439.30 300.81 496.16 334.77
400 438.31 303.85 495.65 336.95
401 438.76 305.21 496.75 337.22
402 439.01 307.34 497.96 339.69
403 438.15 310.72 498.25 342.60
404 438.63 311.56 498.62 342.19
405 436.40 313.00 497.45 344.12
406 437.77 314.07 498.02 344.44
407 437.22 315.99 497.90 345.42
408 437.24 317.03 497.69 345.93
409 436.41 315.42 496.65 343.52
410 436.25 312.14 496.11 337.47
411 437.00 312.68 496.36 337.33
412 436.63 310.18 494.68 332.29
413 437.05 310.01 494.59 331.92
414 437.12 309.56 494.06 330.89
415 437.30 309.98 494.09 331.35
416 437.43 310.47 494.22 331.78
417 437.28 310.57 493.93 332.08
418 437.52 310.97 493.74 331.79
419 437.65 311.98 494.91 332.07
420 437.33 314.79 495.04 335.67
421 438.21 315.34 495.47 336.21
422 434.09 319.49 492.64 342.78
423 434.12 320.03 494.07 343.77
424 434.24 324.74 493.88 350.88
425 436.59 325.65 497.55 352.55
426 436.44 328.52 497.36 356.64
427 437.50 331.15 498.09 360.00
428 439.79 332.20 499.68 361.11
429 440.70 333.32 500.61 362.12
430 439.86 334.08 499.61 362.22
431 440.03 338.20 499.36 366.91
432 436.75 343.75 496.55 373.00
433 436.22 346.35 496.60 374.55
434 431.94 351.03 494.35 380.86
435 428.91 357.98 493.43 389.49
436 427.54 360.22 494.99 391.68
437 426.87 365.46 495.20 396.17
438 427.35 366.76 496.98 395.29
439 427.23 366.78 496.96 394.76
440 427.48 366.86 497.19 394.65
441 426.38 367.60 496.42 395.05
442 426.54 368.36 496.01 396.00
443 426.12 368.85 495.45 396.23
444 423.98 371.17 493.04 398.84
445 423.41 372.01 493.12 398.79
446 420.77 372.57 491.72 401.41
447 419.04 374.47 490.34 404.43
448 418.56 375.67 490.80 405.88
449 416.96 377.39 489.38 410.07
450 415.30 378.05 489.69 411.59
451 414.91 381.47 489.15 416.55
452 414.01 383.31 489.55 418.81
453 413.17 386.23 489.15 422.91
454 412.24 389.22 489.98 425.76
455 413.16 391.00 490.13 425.81
456 413.37 392.68 490.12 427.40
457 413.54 393.68 489.41 428.07
458 413.18 394.99 488.57 429.90
459 413.66 396.71 488.98 431.79
460 412.82 397.67 487.54 432.12
461 412.49 398.10 487.82 433.87
462 411.97 398.86 489.54 434.38
463 413.12 401.74 489.51 436.48
464 411.31 403.92 487.11 437.41
465 410.67 405.08 485.47 437.35
466 411.62 405.88 486.21 438.68
467 411.87 407.56 486.55 440.29
468 410.63 408.37 486.60 440.01
469 409.32 408.20 485.72 442.47
470 409.72 407.79 485.51 442.23
471 409.16 408.86 484.62 445.17
472 409.32 408.90 484.84 445.41
473 407.15 410.33 483.00 447.42
474 407.62 411.43 484.17 450.13
475 406.62 411.69 483.34 450.65
476 403.88 415.16 480.76 455.59
477 404.14 415.54 482.64 456.13
