2707 333.00 230.00 363.00 282.00
2708 326.76 230.76 357.28 282.50
2709 327.96 230.04 359.05 281.30
2710 328.28 230.31 359.76 281.48
2711 328.34 230.35 360.12 282.03
2712 328.72 230.04 360.73 282.14
2713 328.89 230.42 361.11 282.55
2714 329.13 231.04 361.36 282.93
2715 328.48 231.41 360.93 282.74
2716 326.89 231.83 359.17 283.08
2717 325.11 232.37 358.21 282.79
2718 324.68 232.67 358.08 282.94
2719 321.96 233.27 356.50 283.28
2720 319.82 234.35 356.19 283.77
2721 319.45 233.85 356.78 283.77
2722 319.99 232.61 357.93 282.79
2723 321.05 231.41 358.40 282.03
2724 322.66 231.34 358.92 282.08
2725 323.89 231.60 358.79 282.66
2726 324.84 231.71 358.77 282.75
2727 325.71 232.76 358.66 283.72
2728 326.62 233.89 359.12 284.71
2729 327.65 234.79 359.81 285.35
2730 328.17 234.72 360.19 285.43
2731 329.30 235.86 361.36 286.46
2732 329.93 235.31 362.25 286.62
2733 329.76 235.46 362.31 286.69
2734 329.76 235.61 361.63 286.80
2735 329.26 235.70 360.70 286.71
2736 329.00 236.55 360.44 286.67
2737 328.99 237.30 360.15 287.02
2738 328.56 238.55 359.44 287.92
2739 327.20 239.81 358.42 288.24
2740 325.73 240.34 357.68 288.40
2741 323.57 241.23 356.49 288.75
2742 322.37 241.47 356.40 287.87
2743 321.88 241.74 356.55 288.17
2744 321.23 241.83 356.48 288.61
2745 321.26 241.64 356.70 288.76
2746 321.99 241.32 357.09 288.93
2747 323.31 240.64 357.26 289.08
2748 325.09 242.24 357.97 291.21
2749 325.94 242.68 358.44 290.69
2750 326.79 243.35 358.84 290.96
2751 327.41 243.30 359.05 291.21
2752 328.14 243.61 359.52 290.77
2753 328.65 243.09 359.92 290.92
2754 328.78 242.90 359.80 290.43
2755 329.07 243.10 360.20 290.58
2756 329.55 243.71 360.42 291.03
2757 329.82 243.78 361.12 290.60
2758 329.92 244.68 361.03 291.40
2759 329.95 245.78 361.05 291.75
2760 329.85 246.21 360.86 291.53
2761 329.90 246.78 361.01 291.48
2762 329.93 246.66 360.96 290.78
2763 330.55 246.12 361.78 290.42
2764 331.32 246.29 362.93 290.27
2765 331.22 246.28 363.46 290.72
2766 331.04 245.73 363.62 290.18
2767 330.66 244.56 363.10 289.81
2768 330.70 243.69 362.99 289.47
2769 330.22 242.86 362.23 289.36
2770 330.35 241.95 362.20 288.74
2771 330.24 241.57 361.71 288.70
2772 329.80 241.54 361.28 288.71
2773 329.45 241.61 360.90 288.75
2774 328.59 241.21 360.08 288.31
2775 327.26 240.30 358.95 287.95
2776 326.57 241.04 358.35 287.83
2777 325.43 240.87 358.14 287.95
2778 324.14 240.58 357.79 288.25
2779 322.29 239.45 356.98 287.39
2780 319.99 238.78 356.95 286.56
2781 317.42 237.85 356.90 285.66
2782 316.97 237.73 357.19 285.26
2783 315.26 235.96 356.35 284.18
2784 312.41 235.23 355.60 283.85
2785 310.82 235.70 355.92 283.98
2786 310.32 236.35 357.44 284.51
2787 307.72 236.23 355.48 284.43
2788 305.81 235.60 353.87 283.98
2789 303.38 235.34 350.49 284.21
2790 302.40 233.51 348.63 282.66
2791 302.48 231.20 347.77 281.88
2792 303.31 231.06 347.81 281.63
2793 304.08 231.14 347.74 281.38
2794 305.28 231.34 347.60 281.71
2795 305.69 231.56 347.51 281.58
2796 306.55 230.55 348.07 280.75
2797 308.06 229.43 348.25 279.98
2798 309.68 228.71 348.67 279.32
2799 310.22 228.92 348.55 279.09
2800 310.42 227.08 348.16 277.97
2801 310.17 227.13 347.85 277.60
2802 309.84 227.01 346.86 276.89
2803 309.52 226.89 346.40 276.67
2804 307.25 226.73 344.48 276.58
2805 304.78 225.15 342.71 276.10
2806 303.27 222.89 339.90 274.12
2807 303.15 221.81 338.75 272.34
2808 302.87 220.43 336.90 271.05
2809 302.51 220.23 335.56 271.21
2810 302.94 219.54 335.30 270.45
2811 302.96 219.35 334.75 269.91
2812 302.46 218.90 333.71 269.59
2813 302.09 218.23 333.29 268.71
2814 301.58 217.34 332.30 268.06
2815 300.69 216.39 331.10 267.18
2816 300.96 216.32 331.35 266.71
2817 300.16 215.63 330.20 266.29
2818 300.49 214.08 330.38 265.05
2819 300.56 212.11 330.32 262.85
2820 300.94 211.38 330.65 261.37
2821 301.24 211.76 330.68 260.83
2822 301.31 211.91 330.89 260.90
2823 301.18 213.34 330.44 262.33
2824 300.24 214.36 329.53 263.19
2825 299.05 216.41 328.81 264.41
2826 297.95 219.12 327.72 266.11
2827 297.35 221.31 327.39 266.71
2828 297.72 223.01 327.87 267.80
2829 298.11 224.39 328.05 268.80
2830 298.23 226.00 327.93 270.28
2831 297.51 227.97 327.03 271.74
2832 296.13 230.24 325.88 272.69
2833 295.14 232.00 325.23 273.25
2834 294.50 233.45 324.83 273.89
2835 293.74 234.17 324.25 274.40
2836 292.65 234.07 323.53 274.94
2837 290.35 234.09 321.43 276.55
2838 288.16 234.47 319.71 277.12
2839 285.82 235.81 318.26 278.40
2840 283.02 237.01 316.28 279.10
2841 280.89 238.23 314.67 280.45
2842 278.85 239.27 312.80 281.41
2843 278.71 239.52 312.70 281.99
2844 277.13 241.09 310.68 283.53
2845 275.83 241.81 309.25 284.41
2846 273.76 242.97 307.27 285.35
2847 271.86 245.09 305.56 286.87
2848 270.60 247.48 304.54 288.45
2849 269.16 250.12 303.35 289.67
2850 268.64 252.90 303.09 291.61
2851 268.75 253.07 303.44 291.15
2852 266.81 255.41 300.39 294.54
2853 266.93 255.67 300.13 294.63
2854 266.25 257.31 298.57 296.96
2855 265.75 259.10 297.54 298.91
2856 265.53 260.80 297.16 300.92
2857 265.56 262.18 296.86 302.33
2858 265.74 263.28 296.89 304.36
2859 266.92 263.41 298.12 305.68
2860 267.10 263.36 298.09 305.56
2861 267.55 264.10 298.59 307.49
2862 268.14 264.77 299.29 309.56
2863 267.44 266.46 298.18 311.54
2864 265.92 268.75 296.77 312.82
2865 263.82 271.75 295.56 314.41
2866 262.37 274.66 294.37 316.51
2867 261.52 276.96 293.73 318.70
2868 260.91 278.64 293.24 320.12
2869 260.46 280.03 293.19 321.29
2870 259.69 281.56 292.49 322.82
2871 258.35 283.04 291.67 323.94
2872 255.85 284.56 289.96 324.69
2873 253.73 286.82 288.80 326.41
2874 252.25 288.77 287.84 328.21
2875 251.52 290.00 286.88 329.60
2876 250.18 292.51 286.08 331.88
2877 249.69 294.35 286.13 332.82
2878 249.85 294.48 286.59 332.92
2879 249.70 296.61 286.23 334.92
2880 250.40 298.18 286.21 336.95
2881 251.78 300.13 286.40 340.26
2882 252.98 301.92 286.80 343.02
2883 254.38 303.82 287.69 345.09
2884 256.03 305.56 289.36 347.04
2885 257.75 307.04 291.38 348.53
2886 259.08 309.06 293.77 350.00
2887 260.93 310.47 296.60 351.01
2888 262.51 312.62 299.74 352.92
2889 264.34 314.39 302.95 354.37
2890 266.07 316.37 306.14 356.67
2891 267.72 317.45 308.99 357.74
2892 268.77 318.31 310.75 359.56
2893 269.64 319.61 312.61 360.85
2894 272.16 322.16 316.35 363.43
2895 273.07 322.99 317.56 364.10
2896 273.39 323.51 318.60 364.37
2897 274.15 324.06 320.28 365.30
2898 274.19 324.44 320.46 365.44
2899 275.29 324.89 320.79 366.07
2900 275.79 325.71 321.88 367.32
2901 277.21 327.08 323.72 368.71
2902 279.46 328.84 327.86 370.24
2903 279.34 329.52 328.23 370.91
2904 279.85 330.36 329.95 371.21
2905 279.66 331.57 332.34 371.81
2906 279.91 333.41 333.80 373.45
2907 280.78 335.22 336.60 375.08
2908 282.58 336.58 339.69 375.89
2909 286.03 337.69 344.75 376.48
2910 285.86 337.88 344.68 376.89
2911 289.16 339.12 349.04 378.49
2912 292.52 339.26 353.52 379.55
2913 296.71 339.35 358.77 380.45
2914 301.10 339.74 364.36 382.31
2915 305.97 340.51 370.08 383.57
2916 308.95 341.45 374.81 384.77
2917 309.87 343.50 377.22 386.21
2918 311.29 344.56 379.56 385.72
2919 311.16 345.23 379.61 386.34
2920 312.72 346.14 381.80 386.64
2921 315.60 346.80 385.17 387.10
2922 318.52 346.30 387.65 388.16
2923 321.92 346.82 391.60 388.80
2924 325.20 346.66 395.10 388.78
2925 326.90 346.95 397.80 389.61
2926 329.98 347.16 401.43 389.82
2927 332.91 347.04 404.42 390.36
2928 337.00 346.76 408.18 391.05
2929 337.57 346.62 407.64 391.09
2930 339.95 347.06 410.65 391.91
2931 343.56 347.10 414.72 392.33
2932 346.35 348.63 419.01 393.68
2933 349.67 350.21 423.52 395.09
2934 352.43 352.27 428.36 395.72
2935 355.99 354.84 434.59 397.67
2936 358.62 357.67 439.47 399.46
2937 364.02 359.83 446.76 400.94
2938 368.32 361.47 452.99 402.13
2939 374.95 361.71 460.53 402.40
2940 380.48 360.90 465.45 401.62
2941 385.71 360.38 469.40 402.35
2942 392.79 359.44 475.99 403.21
2943 398.19 359.30 479.88 403.67
2944 404.40 359.50 485.53 404.45
2945 408.01 360.61 490.42 405.29
2946 410.26 362.34 493.50 406.01
2947 413.50 363.05 498.35 406.52
2948 416.80 364.16 500.96 408.03
2949 421.79 363.88 504.89 408.39
2950 423.08 362.69 504.82 407.72
2951 427.28 362.82 507.70 409.30
2952 433.17 361.94 511.60 409.88
2953 437.56 361.38 513.81 411.28
2954 444.53 363.39 520.14 414.24
2955 444.02 362.46 519.30 414.17
2956 446.22 363.35 521.56 415.27
2957 448.25 364.76 523.65 416.83
2958 452.81 365.29 527.31 417.72
2959 456.34 365.41 529.37 419.71
2960 459.55 365.13 530.67 420.90
2961 460.55 363.57 531.13 420.96
2962 460.75 363.12 531.35 420.61
2963 460.86 360.46 530.95 421.23
2964 459.61 357.01 527.38 420.36
2965 459.87 350.41 522.00 418.73
2966 461.15 344.20 516.14 416.00
2967 461.33 340.39 511.42 414.62
2968 462.61 340.97 510.57 414.63
2969 461.84 336.07 507.11 411.26
2970 462.18 331.66 505.38 404.80
2971 459.91 330.25 502.82 400.68
2972 459.35 329.50 501.59 399.88
2973 459.20 329.42 501.31 399.62
2974 458.67 329.08 500.15 399.77
2975 458.62 328.91 500.25 399.45
2976 458.62 328.68 500.21 399.19
2977 459.62 328.39 501.75 398.79
2978 460.67 326.83 503.39 397.38
2979 462.60 323.19 505.04 394.24
2980 464.49 320.28 506.87 388.89
2981 464.54 321.21 506.90 388.42
2982 467.05 317.57 509.44 383.72
2983 469.83 315.45 512.13 381.17
2984 473.11 312.65 515.47 377.79
2985 474.48 313.26 516.89 377.69
2986 474.77 313.74 517.09 377.74
2987 474.79 314.38 517.04 378.86
2988 474.52 315.26 516.85 379.82
2989 475.08 314.03 517.71 379.39
2990 475.50 313.18 519.28 378.80
2991 475.23 312.96 519.59 378.27
2992 475.95 312.24 520.53 378.45
2993 475.96 311.68 521.44 378.16
2994 477.29 310.71 523.15 377.62
2995 479.53 308.66 524.96 375.34
2996 479.26 308.79 524.51 375.01
2997 481.34 306.70 526.21 372.70
2998 482.83 305.31 527.02 371.14
2999 484.17 304.79 528.42 370.42
3000 484.99 304.59 529.14 370.07
3001 485.27 304.56 529.32 369.80
3002 485.73 304.78 529.98 370.23
3003 486.55 303.51 531.02 368.76
3004 489.66 300.96 533.46 366.25
3005 492.32 298.48 535.39 363.84
3006 492.46 298.36 535.17 363.62
3007 494.10 297.19 535.83 362.42
3008 495.56 294.35 535.97 359.11
3009 496.37 292.83 535.82 355.14
3010 494.98 291.51 534.31 352.46
3011 495.41 291.80 534.17 352.53
3012 494.15 291.56 532.32 352.22
3013 493.07 290.24 530.56 351.13
3014 492.90 287.02 529.60 349.19
3015 491.87 282.84 528.15 344.83
3016 491.96 283.29 528.11 344.17
3017 490.67 282.11 526.56 340.76
3018 488.55 280.37 524.19 339.61
3019 488.28 279.30 523.03 339.09
3020 488.29 277.69 522.59 336.81
3021 488.28 277.93 522.24 336.95
3022 488.40 276.26 522.17 335.33
3023 487.96 274.28 521.56 333.32
3024 488.16 274.21 521.65 333.24
3025 488.58 272.99 521.73 332.19
3026 488.88 272.80 521.70 331.17
3027 489.26 272.63 521.67 331.22
3028 489.02 272.14 521.34 330.19
3029 488.75 271.99 520.74 329.92
3030 488.84 270.25 520.99 328.13
3031 489.11 268.47 521.46 325.68
3032 489.11 266.24 521.45 323.12
3033 489.73 264.76 521.89 321.35
3034 489.74 265.19 522.00 321.35
3035 489.78 264.92 522.04 320.38
3036 489.17 264.03 521.48 319.26
3037 489.14 264.20 521.19 319.17
3038 487.92 262.74 520.14 317.92
3039 485.80 262.81 518.09 316.77
3040 484.02 262.49 516.23 315.65
3041 482.30 262.17 514.84 314.42
3042 479.89 261.15 512.85 312.78
3043 477.01 260.01 510.66 310.70
3044 473.87 258.59 508.27 308.95
3045 471.04 257.19 506.06 306.96
3046 468.72 255.38 503.83 305.31
3047 467.57 254.12 502.66 304.00
3048 466.01 253.07 501.14 302.97
3049 465.05 252.21 499.84 301.64
3050 463.87 248.98 498.33 298.40
3051 462.45 246.72 495.85 295.53
3052 462.81 246.05 495.40 294.89
3053 460.80 241.96 492.64 291.38
3054 459.70 241.23 490.63 289.17
3055 458.78 240.05 488.76 287.36
3056 455.74 236.14 485.46 284.34
3057 455.57 235.81 485.43 284.09
3058 454.16 234.56 484.04 282.48
3059 452.79 234.57 483.28 282.02
3060 448.40 235.89 479.68 282.31
3061 446.36 236.82 478.53 281.88
3062 443.99 238.91 476.91 282.40
3063 443.51 239.75 477.56 282.50
3064 441.34 239.51 475.54 281.82
3065 438.35 239.13 472.83 280.97
3066 435.30 236.92 469.74 279.35
3067 433.40 234.48 466.80 277.02
3068 430.92 232.63 464.11 276.29
3069 428.42 230.78 461.00 274.96
3070 425.42 230.06 457.91 274.71
3071 422.24 230.55 454.63 274.20
3072 419.38 231.12 451.73 274.48
3073 416.66 231.81 449.19 274.26
3074 414.66 232.39 447.78 274.62
3075 413.20 233.20 447.30 274.68
3076 411.91 232.85 446.69 274.51
3077 410.04 231.42 445.58 273.78
3078 408.62 230.58 444.37 273.28
3079 406.17 230.42 442.39 272.98
3080 403.23 230.52 440.12 272.98
3081 403.02 230.51 440.34 273.13
3082 401.55 230.32 438.65 272.98
3083 399.03 229.30 436.36 272.59
3084 396.83 229.11 434.48 272.57
3085 395.15 229.18 433.22 272.17
3086 393.91 229.73 432.86 271.89
3087 393.29 229.96 432.82 271.85
3088 392.14 230.12 431.92 271.87
3089 391.79 230.81 432.32 271.82
3090 391.24 230.78 432.01 271.80
3091 391.53 231.03 432.25 272.00
3092 390.94 230.63 431.96 272.10
3093 391.73 230.25 432.79 272.01
3094 391.16 230.57 432.32 272.16
3095 390.19 230.94 431.66 272.32
3096 390.66 231.65 432.45 272.68
3097 391.26 230.98 432.52 272.63
3098 391.93 230.39 432.61 272.84
3099 392.35 229.49 432.37 272.36
3100 392.67 228.76 432.22 272.06
3101 392.07 228.97 431.48 271.92
3102 392.12 229.64 431.44 272.35
3103 392.32 229.77 431.81 272.22
3104 391.76 229.92 431.22 272.32
3105 392.05 229.59 431.40 272.54
3106 392.22 229.96 431.38 273.63
3107 391.30 231.51 430.77 274.00
3108 390.80 232.22 430.18 274.15
3109 390.35 232.22 429.86 273.86
3110 391.23 231.99 430.43 273.65
3111 392.79 231.45 430.74 274.07
3112 393.96 230.92 430.76 274.32
3113 394.41 231.14 430.65 274.85
3114 394.47 232.24 430.25 275.35
3115 394.03 232.72 429.68 274.87
3116 394.13 232.95 429.59 275.03
3117 394.52 232.45 429.84 274.69
3118 394.96 231.29 430.30 274.48
3119 395.79 230.99 430.90 274.46
3120 396.03 231.22 431.06 274.55
3121 395.63 230.99 430.22 274.04
3122 395.02 232.00 429.67 274.03
3123 394.45 232.86 429.77 274.38
3124 394.14 232.01 429.97 274.40
3125 394.73 230.93 430.91 274.36
3126 394.60 230.80 430.68 274.59
3127 394.06 230.55 430.14 274.92
3128 394.88 229.62 431.08 274.87
3129 396.35 228.21 432.15 274.49
3130 398.39 226.96 433.16 274.00
3131 398.59 226.95 432.53 273.79
3132 399.02 227.17 432.43 274.42
3133 398.03 228.07 431.12 275.15
3134 396.67 229.33 430.27 275.44
3135 396.16 229.67 430.40 274.86
3136 396.27 228.43 430.47 273.70
3137 396.10 228.02 430.43 273.23
3138 394.83 228.46 430.04 272.90
3139 392.97 229.87 429.27 273.29
3140 388.06 230.75 426.58 273.08
3141 381.68 230.02 421.09 272.70
3142 375.83 228.61 415.06 272.27
3143 370.04 226.68 409.22 271.63
3144 366.68 226.67 405.50 271.33
3145 363.21 227.51 403.73 271.28
3146 359.80 228.76 401.86 271.45
3147 356.86 229.38 400.04 271.32
3148 352.41 229.55 396.43 271.14
3149 348.63 228.67 392.96 270.35
3150 347.05 228.56 391.34 270.92
3151 346.17 228.46 391.21 271.17
3152 345.84 228.47 390.86 271.14
3153 346.29 228.73 391.85 271.90
3154 345.93 229.03 390.76 271.66
3155 346.60 228.50 391.17 271.29
3156 347.25 229.15 392.04 271.80
3157 347.61 230.11 391.99 272.20
3158 347.91 231.20 391.94 272.72
3159 347.12 231.85 391.18 272.82
3160 346.77 232.26 391.25 272.88
3161 346.43 232.67 391.34 272.80
3162 346.76 232.82 391.24 272.38
3163 347.35 233.84 391.83 272.59
3164 347.44 234.73 391.58 272.69
3165 347.30 235.75 391.16 272.33
3166 347.22 237.11 391.24 272.44
3167 347.21 238.48 391.28 272.72
3168 347.54 240.27 391.45 272.94
3169 348.30 241.05 391.28 272.97
3170 349.06 241.21 390.89 272.89
3171 349.89 241.72 391.10 272.81
3172 351.15 241.92 391.08 273.21
3173 352.13 241.80 391.26 273.05
3174 352.76 242.45 390.90 273.50
3175 353.32 243.12 390.95 273.93
3176 353.66 242.75 390.72 273.56
3177 354.44 242.01 391.49 272.95
3178 354.46 240.78 391.05 272.59
3179 354.50 240.27 391.38 272.51
3180 354.18 241.23 390.81 272.96
3181 353.80 242.66 390.29 273.84
3182 354.33 243.96 390.24 274.76
3183 355.46 243.17 391.08 274.18
3184 356.22 243.23 390.97 273.82
3185 357.06 243.00 391.22 273.76
3186 358.30 242.54 391.53 273.14
3187 359.54 242.57 391.68 272.88
3188 360.56 242.60 391.82 273.11
3189 361.53 242.68 392.60 273.23
3190 362.65 243.00 393.26 273.64
3191 364.43 242.93 394.78 273.58
3192 366.24 243.25 397.31 273.26
3193 367.15 243.24 399.34 273.73
3194 367.16 243.18 400.32 274.20
3195 367.21 244.34 400.53 274.76
3196 366.72 244.66 400.39 274.93
3197 367.19 244.25 400.91 274.83
3198 367.41 245.15 401.03 275.26
3199 366.98 245.11 400.72 275.44
3200 366.88 245.90 399.74 275.58
3201 366.85 245.43 399.40 275.24
3202 366.47 245.32 398.52 275.22
3203 366.66 245.59 398.20 275.20
3204 366.58 247.20 398.14 276.00
3205 366.62 247.16 398.22 276.25
3206 366.60 247.19 398.19 276.03
3207 366.58 247.24 398.20 275.84
3208 366.70 247.07 398.03 275.64
3209 366.80 246.94 397.81 275.52
3210 367.21 247.35 398.65 275.81
3211 367.42 248.39 399.18 276.20
3212 366.86 248.53 398.69 276.42
3213 366.90 248.77 398.86 276.82
3214 367.03 248.70 398.68 276.63
3215 367.08 248.24 398.49 276.09
3216 367.18 248.99 398.86 276.38
3217 367.25 249.44 398.87 276.63
3218 367.58 249.76 399.27 276.90
3219 367.00 250.33 399.21 276.95
3220 367.02 250.37 399.27 277.17
3221 367.11 250.19 399.17 276.87
3222 367.01 250.71 398.90 277.21
3223 366.44 251.71 398.22 278.25
3224 366.21 250.20 397.94 277.39
3225 366.31 249.24 397.96 277.14
3226 366.33 248.97 398.02 277.14
3227 366.26 248.16 398.10 276.70
3228 366.23 247.62 398.25 276.25
3229 365.83 246.58 397.94 275.57
3230 365.48 245.60 397.81 275.41
3231 365.58 245.64 398.34 276.34
3232 365.72 245.09 398.23 276.20
3233 366.13 244.51 398.86 275.99
3234 366.16 243.98 398.72 275.91
3235 366.22 243.69 398.63 275.87
3236 366.23 243.71 398.49 276.26
3237 366.48 244.24 398.58 276.40
3238 366.66 244.58 398.64 276.51
3239 366.57 244.94 398.79 276.92
3240 366.92 245.15 399.29 276.78
3241 366.87 244.01 399.44 276.40
3242 366.73 243.84 399.45 276.30
3243 367.08 243.77 399.41 275.97
3244 366.98 243.48 399.35 275.71
3245 366.87 242.43 399.09 275.20
3246 367.18 242.53 399.37 275.22
3247 367.02 242.88 399.56 275.45
3248 366.96 244.21 399.38 275.95
3249 366.64 245.47 399.20 276.25
3250 366.98 246.35 399.66 276.50
3251 367.02 246.79 399.75 276.49
3252 366.91 246.27 399.80 276.11
3253 367.28 245.98 400.28 275.94
3254 367.30 245.45 400.47 275.78
3255 367.22 246.23 400.92 276.43
3256 367.53 246.48 401.17 276.28
3257 367.49 246.55 401.22 276.16
3258 367.48 246.75 401.33 276.14
3259 367.54 246.78 401.33 275.96
3260 367.66 246.83 401.99 275.88
3261 367.56 247.84 402.20 276.92
3262 367.74 247.87 401.81 277.29
3263 367.46 247.70 401.69 277.42
3264 367.47 247.81 401.45 277.01
3265 367.97 247.91 401.43 276.66
3266 367.92 247.57 401.48 276.50
3267 367.94 247.63 401.55 276.60
3268 367.77 247.42 401.67 276.49
3269 367.37 248.38 401.41 276.88
3270 367.74 248.70 402.10 277.46
3271 367.34 249.12 401.70 277.68
3272 367.66 248.46 401.75 277.40
3273 367.28 247.45 401.48 277.36
3274 367.54 247.14 401.54 277.39
3275 367.64 247.09 401.70 276.90
3276 367.75 247.63 402.23 277.01
3277 367.95 247.65 402.54 276.81
3278 367.69 248.28 402.76 277.43
3279 368.08 248.41 403.41 277.36
3280 368.10 248.61 403.16 277.23
3281 367.82 249.55 402.70 277.37
3282 368.23 250.11 402.90 277.48
3283 368.35 250.26 403.04 277.28
3284 368.37 250.60 403.13 277.45
3285 368.78 250.79 403.85 277.58
3286 369.32 251.40 404.51 277.95
3287 368.81 250.87 404.78 277.88
3288 368.94 250.95 405.07 277.85
3289 369.40 251.29 405.85 278.09
3290 369.34 251.68 406.08 278.43
3291 369.04 251.67 406.03 278.48
3292 368.34 251.47 405.52 278.48
3293 368.84 251.46 405.72 278.22
3294 369.04 251.00 405.76 277.74
3295 368.84 250.77 405.54 277.77
3296 369.03 250.49 405.94 277.64
3297 369.12 250.60 406.23 277.79
3298 369.08 250.08 405.98 277.60
3299 369.23 250.01 406.49 277.78
3300 369.32 249.78 406.63 277.72
3301 369.41 249.78 406.96 277.64
3302 369.42 249.92 407.09 277.73
3303 369.39 250.11 407.14 277.88
3304 369.15 250.14 407.07 278.16
3305 369.55 250.27 407.58 278.18
3306 369.25 250.13 407.38 278.38
3307 369.40 249.90 407.25 278.09
3308 369.61 249.74 407.22 278.07
3309 369.36 249.60 406.45 278.04
3310 369.25 249.34 406.67 278.10
3311 369.65 249.10 407.32 278.04
3312 369.63 249.13 407.66 277.84
3313 369.46 249.42 407.76 277.99
3314 369.24 250.16 407.81 278.50
3315 369.45 249.72 407.87 278.15
3316 369.40 249.91 407.63 278.24
3317 369.40 250.47 407.47 278.34
3318 369.31 250.61 407.25 278.72
3319 369.58 249.88 407.42 278.21
3320 369.45 249.57 407.43 278.15
3321 369.43 248.92 407.38 278.32
3322 369.71 248.08 407.56 277.96
3323 369.08 246.62 407.11 277.69
3324 369.13 246.03 406.85 277.40
3325 369.08 245.63 406.77 277.46
3326 369.16 245.22 406.77 277.10
3327 369.44 245.99 406.88 276.78
3328 369.68 247.12 407.41 277.03
3329 369.87 247.41 407.83 277.12
3330 369.74 247.17 408.05 277.05
3331 369.25 246.93 408.16 277.04
3332 369.23 246.88 408.40 277.05
3333 369.17 246.90 408.36 276.80
3334 369.07 246.29 408.34 276.93
3335 369.36 246.59 408.34 277.19
3336 369.37 247.20 408.29 277.38
3337 369.76 246.94 409.10 277.22
3338 369.73 246.60 409.28 276.91
3339 369.73 246.85 409.44 276.80
3340 369.66 246.89 409.65 276.51
3341 369.44 246.94 409.82 276.99
3342 369.85 246.88 410.23 277.28
3343 369.77 247.62 410.38 277.61
3344 369.98 248.11 410.20 277.55
3345 369.91 249.19 410.18 278.07
3346 369.84 249.60 410.40 278.02
3347 369.53 251.37 409.99 278.61
3348 369.37 252.41 409.75 279.32
3349 369.65 252.35 410.01 279.35
3350 369.86 252.62 410.38 279.34
3351 369.27 252.49 410.53 279.10
3352 369.44 252.71 411.21 279.42
3353 369.52 252.65 411.77 279.24
3354 369.83 252.95 411.95 279.32
3355 369.53 252.78 411.88 278.88
3356 369.77 252.79 412.02 279.16
3357 369.54 252.70 412.19 279.20
3358 369.91 252.81 412.34 279.49
3359 369.67 252.69 412.11 279.44
3360 370.29 252.77 412.52 279.15
3361 369.95 252.92 412.31 279.40
3362 369.59 252.51 412.08 279.11
3363 369.46 253.14 411.69 279.58
3364 369.68 253.45 411.40 279.65
3365 369.50 253.17 411.05 279.05
3366 369.19 253.25 410.87 279.06
3367 369.45 253.70 411.03 279.40
3368 369.38 254.07 411.74 279.75
3369 369.17 254.74 411.75 280.22
3370 368.92 255.05 411.47 280.55
3371 368.76 254.75 411.03 280.87
3372 368.68 254.07 411.08 280.64
3373 369.22 253.48 411.31 280.62
3374 369.32 253.62 411.47 280.66
3375 368.95 253.45 410.83 280.76
3376 369.01 252.97 411.50 280.80
3377 369.07 253.15 411.78 280.19
3378 368.91 253.46 411.92 280.32
3379 369.32 253.69 412.10 280.07
3380 369.58 253.83 412.50 279.85
3381 369.40 253.94 411.99 279.41
3382 369.89 253.83 412.29 279.21
3383 370.04 252.90 413.03 278.52
3384 369.60 253.00 412.35 278.75
3385 370.04 253.09 412.60 278.68
3386 369.80 253.53 412.59 279.22
3387 370.42 253.43 412.97 279.18
3388 369.94 253.40 412.53 279.32
3389 369.41 253.28 411.95 279.36
3390 369.92 253.01 411.86 279.16
3391 369.67 252.76 411.21 279.03
3392 369.80 253.01 410.95 279.29
3393 370.00 253.13 411.05 279.42
3394 369.99 253.81 411.08 279.14
3395 370.35 254.20 411.68 279.16
3396 369.90 254.54 411.49 279.18
3397 369.89 255.11 411.85 279.90
3398 369.69 255.78 411.45 280.05
3399 369.51 255.98 411.26 279.99
3400 369.51 255.98 411.26 279.99
3401 369.51 255.98 411.26 279.99
3402 369.51 255.98 411.26 279.99
3403 369.51 255.98 411.26 279.99
3404 385.00 274.00 385.00 274.00
3405 385.00 274.00 385.00 274.00
3406 385.00 274.00 385.00 274.00
3407 385.00 274.00 385.00 274.00
3408 385.00 274.00 385.00 274.00
3409 385.00 274.00 385.00 274.00
3410 385.00 274.00 385.00 274.00
3411 385.00 274.00 385.00 274.00
3412 385.00 274.00 385.00 274.00
3413 385.00 274.00 385.00 274.00
3414 385.00 274.00 385.00 274.00
3415 385.00 274.00 385.00 274.00
3416 385.00 274.00 385.00 274.00
3417 385.00 274.00 385.00 274.00
3418 385.00 274.00 385.00 274.00
3419 385.00 274.00 385.00 274.00
3420 385.00 274.00 385.00 274.00
3421 385.00 274.00 385.00 274.00
3422 385.00 274.00 385.00 274.00
3423 385.00 274.00 385.00 274.00
3424 385.00 274.00 385.00 274.00
3425 385.00 274.00 385.00 274.00
3426 385.00 274.00 385.00 274.00
3427 385.00 274.00 385.00 274.00
3428 385.00 274.00 385.00 274.00
3429 385.00 274.00 385.00 274.00
3430 385.00 274.00 385.00 274.00
3431 385.00 274.00 385.00 274.00
3432 385.00 274.00 385.00 274.00
3433 385.00 274.00 385.00 274.00
3434 385.00 274.00 385.00 274.00
3435 385.00 274.00 385.00 274.00
3436 385.00 274.00 385.00 274.00
3437 385.00 274.00 385.00 274.00
3438 385.00 274.00 385.00 274.00
3439 385.00 274.00 385.00 274.00
3440 385.00 274.00 385.00 274.00
3441 385.00 274.00 385.00 274.00
3442 385.00 274.00 385.00 274.00
3443 385.00 274.00 385.00 274.00
3444 385.00 274.00 385.00 274.00
3445 385.00 274.00 385.00 274.00
3446 385.00 274.00 385.00 274.00
3447 385.00 274.00 385.00 274.00
3448 385.00 274.00 385.00 274.00
3449 385.00 274.00 385.00 274.00
3450 385.00 274.00 385.00 274.00
3451 385.00 274.00 385.00 274.00
3452 385.00 274.00 385.00 274.00
3453 385.00 274.00 385.00 274.00
3454 385.00 274.00 385.00 274.00
3455 385.00 274.00 385.00 274.00
3456 385.00 274.00 385.00 274.00
3457 385.00 274.00 385.00 274.00
3458 385.00 274.00 385.00 274.00
3459 385.00 274.00 385.00 274.00
3460 385.00 274.00 385.00 274.00
3461 385.00 274.00 385.00 274.00
3462 385.00 274.00 385.00 274.00
3463 385.00 274.00 385.00 274.00
3464 385.00 274.00 385.00 274.00
3465 385.00 274.00 385.00 274.00
3466 385.00 274.00 385.00 274.00
3467 385.00 274.00 385.00 274.00
3468 385.00 274.00 385.00 274.00
3469 385.00 274.00 385.00 274.00
3470 385.00 274.00 385.00 274.00
3471 385.00 274.00 385.00 274.00
3472 385.00 274.00 385.00 274.00
3473 385.00 274.00 385.00 274.00
3474 385.00 274.00 385.00 274.00
3475 385.00 274.00 385.00 274.00
3476 385.00 274.00 385.00 274.00
3477 385.00 274.00 385.00 274.00
3478 385.00 274.00 385.00 274.00
3479 385.00 274.00 385.00 274.00
3480 385.00 274.00 385.00 274.00
3481 385.00 274.00 385.00 274.00
3482 385.00 274.00 385.00 274.00
3483 385.00 274.00 385.00 274.00
3484 385.00 274.00 385.00 274.00
3485 385.00 274.00 385.00 274.00
3486 385.00 274.00 385.00 274.00
3487 385.00 274.00 385.00 274.00
3488 385.00 274.00 385.00 274.00
3489 385.00 274.00 385.00 274.00
3490 385.00 274.00 385.00 274.00
3491 385.00 274.00 385.00 274.00
3492 385.00 274.00 385.00 274.00
3493 385.00 274.00 385.00 274.00
3494 385.00 274.00 385.00 274.00
3495 385.00 274.00 385.00 274.00
3496 385.00 274.00 385.00 274.00
3497 385.00 274.00 385.00 274.00
3498 385.00 274.00 385.00 274.00
3499 385.00 274.00 385.00 274.00
3500 385.00 274.00 385.00 274.00
3501 385.00 274.00 385.00 274.00
3502 385.00 274.00 385.00 274.00
3503 385.00 274.00 385.00 274.00
3504 385.00 274.00 385.00 274.00
3505 385.00 274.00 385.00 274.00
3506 385.00 274.00 385.00 274.00
3507 385.00 274.00 385.00 274.00
3508 385.00 274.00 385.00 274.00
3509 385.00 274.00 385.00 274.00
3510 385.00 274.00 385.00 274.00
3511 385.00 274.00 385.00 274.00
3512 385.00 274.00 385.00 274.00
3513 385.00 274.00 385.00 274.00
3514 385.00 274.00 385.00 274.00
3515 385.00 274.00 385.00 274.00
3516 385.00 274.00 385.00 274.00
3517 385.00 274.00 385.00 274.00
3518 385.00 274.00 385.00 274.00
3519 385.00 274.00 385.00 274.00
3520 385.00 274.00 385.00 274.00
3521 432.00 255.00 462.00 310.00
3522 432.01 254.82 462.41 310.06
3523 431.57 255.42 462.03 310.46
3524 431.97 254.77 462.81 310.51
3525 432.41 255.27 463.58 310.84
3526 433.05 255.12 464.56 310.95
3527 433.90 255.30 465.53 311.25
3528 433.54 255.41 465.08 311.82
3529 432.49 255.65 464.10 311.50
3530 432.32 254.50 464.03 311.16
3531 432.66 254.74 464.46 311.30
3532 432.96 254.83 464.83 311.00
3533 432.36 253.95 463.94 311.18
3534 431.22 254.00 462.54 310.46
3535 431.45 253.66 462.83 310.12
3536 430.25 255.09 461.01 310.64
3537 428.65 255.70 458.51 311.01
3538 426.76 255.93 455.13 309.98
3539 424.37 256.08 451.56 310.08
3540 423.00 256.37 449.60 309.71
3541 421.59 256.39 447.82 310.37
3542 420.58 256.51 446.77 309.88
3543 418.77 256.28 444.96 308.64
3544 416.41 257.53 443.95 308.45
3545 414.41 257.87 442.57 308.35
3546 411.87 257.46 439.78 307.97
3547 409.46 258.05 436.97 308.48
3548 407.01 257.63 434.49 307.97
3549 405.14 258.44 433.19 308.15
3550 403.51 258.49 431.95 308.13
3551 401.81 258.81 430.19 308.37
3552 399.29 259.09 427.38 308.83
3553 397.41 258.56 424.89 308.52
3554 395.97 259.09 423.26 308.87
3555 394.86 259.22 422.14 308.99
3556 393.58 259.80 420.60 309.52
3557 392.04 259.57 418.81 309.99
3558 390.39 259.84 416.80 309.75
3559 390.62 258.92 416.78 308.99
3560 388.36 257.92 413.79 308.62
3561 388.66 257.03 414.03 308.49
3562 387.92 255.03 412.81 307.36
3563 387.25 253.92 411.72 306.62
3564 386.31 253.88 410.15 306.03
3565 385.79 253.61 409.55 305.65
3566 386.57 252.29 410.26 304.76
3567 387.66 251.76 411.13 304.90
3568 388.57 250.68 411.98 304.71
3569 389.36 249.73 412.28 304.17
3570 389.27 249.16 411.93 303.50
3571 388.79 248.96 411.35 302.68
3572 388.41 249.22 410.52 302.27
3573 387.74 248.73 409.53 302.00
3574 387.21 248.16 409.34 301.78
3575 385.99 248.60 408.82 301.87
3576 384.78 247.38 408.37 301.13
3577 383.49 245.77 407.29 299.98
3578 381.78 245.03 405.60 298.86
3579 379.99 244.94 404.25 297.82
3580 378.46 244.43 402.45 296.42
3581 376.61 243.94 400.23 295.44
3582 375.03 242.47 398.16 293.37
3583 372.76 240.97 395.60 291.43
3584 371.41 240.66 393.76 290.55
3585 369.36 240.67 391.24 289.22
3586 367.84 240.03 389.44 287.91
3587 366.20 238.76 387.45 286.41
3588 364.46 237.80 385.45 285.30
3589 362.86 237.02 383.36 284.66
3590 361.66 237.80 381.99 285.17
3591 360.45 237.61 380.75 284.98
3592 359.28 237.35 379.73 285.30
3593 358.58 238.16 379.18 285.98
3594 357.67 237.77 378.54 285.68
3595 356.98 238.14 378.22 286.12
3596 355.47 239.57 377.25 287.30
3597 352.56 240.41 375.09 288.29
3598 350.41 241.91 373.16 288.96
3599 349.25 243.34 371.85 289.61
3600 348.52 245.15 371.03 290.16
3601 347.80 246.35 370.44 290.46
3602 347.53 247.73 369.99 290.90
3603 347.19 249.10 369.61 291.69
3604 346.89 249.36 369.35 291.55
3605 346.58 250.32 368.84 291.85
3606 345.75 250.34 367.88 292.07
3607 345.33 251.41 366.79 293.01
3608 341.99 251.42 362.77 294.91
3609 342.26 250.82 362.32 294.45
3610 341.47 251.67 360.97 295.49
3611 340.35 252.33 359.57 296.57
3612 337.79 254.91 357.39 299.73
3613 336.66 255.74 356.52 300.65
3614 335.93 257.04 355.68 301.62
3615 335.21 258.17 354.72 302.73
3616 335.03 260.01 354.37 303.83
3617 334.50 261.53 353.73 304.90
3618 333.56 263.08 352.82 306.56
3619 332.84 264.82 352.18 308.25
3620 332.52 265.98 351.67 309.28
3621 332.42 266.97 351.43 310.30
3622 332.32 267.37 351.06 310.78
3623 332.08 268.40 350.80 311.92
3624 331.69 268.86 350.34 313.04
3625 330.92 269.27 349.40 314.33
3626 330.54 269.41 348.89 315.32
3627 330.56 270.62 348.97 316.64
3628 330.45 271.09 348.91 316.83
3629 329.70 272.33 348.53 318.09
3630 329.19 273.98 348.27 319.12
3631 328.14 275.44 347.60 320.02
3632 328.29 276.05 348.00 320.36
3633 327.74 276.57 347.56 320.74
3634 327.15 277.54 347.29 321.43
3635 326.46 278.14 346.90 322.01
3636 325.84 278.81 346.38 322.63
3637 324.91 278.55 345.49 323.02
3638 324.42 278.81 344.80 324.14
3639 323.82 278.93 344.40 324.89
3640 323.16 279.45 343.99 325.88
3641 322.85 280.36 344.15 326.93
3642 323.20 280.97 344.50 327.53
3643 323.26 280.67 344.66 327.54
3644 324.17 280.68 345.44 327.17
3645 325.03 279.99 345.66 326.49
3646 325.67 278.75 345.70 325.18
3647 325.66 278.32 345.29 324.71
3648 325.43 279.25 344.89 325.10
3649 324.07 279.33 344.13 325.54
3650 323.42 279.88 344.13 326.16
3651 323.39 279.88 344.40 326.36
3652 323.21 279.64 344.38 326.27
3653 323.06 279.32 344.38 326.04
3654 323.89 279.66 345.07 326.09
3655 323.89 279.74 344.79 326.37
3656 324.14 279.76 344.88 326.15
3657 323.82 279.50 344.72 325.99
3658 324.43 279.58 345.15 326.05
3659 324.05 279.02 344.65 325.98
3660 323.96 278.61 344.56 326.05
3661 323.38 278.51 344.25 325.84
3662 323.38 278.51 344.25 325.84
3663 323.38 278.51 344.25 325.84
3664 323.38 278.51 344.25 325.84
3665 337.00 314.00 337.00 314.00
3666 337.00 314.00 337.00 314.00
3667 337.00 314.00 337.00 314.00
3668 337.00 314.00 337.00 314.00
3669 337.00 314.00 337.00 314.00
3670 337.00 314.00 337.00 314.00
3671 337.00 314.00 337.00 314.00
3672 337.00 314.00 337.00 314.00
3673 337.00 314.00 337.00 314.00
3674 337.00 314.00 337.00 314.00
3675 337.00 314.00 337.00 314.00
3676 337.00 314.00 337.00 314.00
3677 337.00 314.00 337.00 314.00
3678 337.00 314.00 337.00 314.00
3679 337.00 314.00 337.00 314.00
3680 337.00 314.00 337.00 314.00
3681 337.00 314.00 337.00 314.00
3682 337.00 314.00 337.00 314.00
3683 337.00 314.00 337.00 314.00
3684 337.00 314.00 337.00 314.00
3685 337.00 314.00 337.00 314.00
3686 337.00 314.00 337.00 314.00
3687 337.00 314.00 337.00 314.00
3688 337.00 314.00 337.00 314.00
3689 337.00 314.00 337.00 314.00
3690 337.00 314.00 337.00 314.00
3691 337.00 314.00 337.00 314.00
3692 337.00 314.00 337.00 314.00
3693 337.00 314.00 337.00 314.00
3694 337.00 314.00 337.00 314.00
3695 337.00 314.00 337.00 314.00
3696 337.00 314.00 337.00 314.00
3697 337.00 314.00 337.00 314.00
3698 337.00 314.00 337.00 314.00
3699 337.00 314.00 337.00 314.00
3700 337.00 314.00 337.00 314.00
3701 337.00 314.00 337.00 314.00
3702 337.00 314.00 337.00 314.00
3703 337.00 314.00 337.00 314.00
3704 337.00 314.00 337.00 314.00
3705 337.00 314.00 337.00 314.00
3706 337.00 314.00 337.00 314.00
3707 337.00 314.00 337.00 314.00
3708 337.00 314.00 337.00 314.00
3709 337.00 314.00 337.00 314.00
3710 337.00 314.00 337.00 314.00
3711 337.00 314.00 337.00 314.00
3712 337.00 314.00 337.00 314.00
3713 337.00 314.00 337.00 314.00
3714 337.00 314.00 337.00 314.00
3715 337.00 314.00 337.00 314.00
3716 337.00 314.00 337.00 314.00
3717 337.00 314.00 337.00 314.00
3718 337.00 314.00 337.00 314.00
3719 337.00 314.00 337.00 314.00
3720 337.00 314.00 337.00 314.00
3721 337.00 314.00 337.00 314.00
3722 337.00 314.00 337.00 314.00
3723 337.00 314.00 337.00 314.00
3724 337.00 314.00 337.00 314.00
3725 337.00 314.00 337.00 314.00
3726 337.00 314.00 337.00 314.00
3727 337.00 314.00 337.00 314.00
3728 337.00 314.00 337.00 314.00
3729 337.00 314.00 337.00 314.00
3730 337.00 314.00 337.00 314.00
3731 337.00 314.00 337.00 314.00
3732 337.00 314.00 337.00 314.00
3733 337.00 314.00 337.00 314.00
3734 337.00 314.00 337.00 314.00
3735 337.00 314.00 337.00 314.00
3736 337.00 314.00 337.00 314.00
3737 337.00 314.00 337.00 314.00
3738 337.00 314.00 337.00 314.00
3739 337.00 314.00 337.00 314.00
3740 337.00 314.00 337.00 314.00
3741 337.00 314.00 337.00 314.00
3742 337.00 314.00 337.00 314.00
3743 337.00 314.00 337.00 314.00
3744 337.00 314.00 337.00 314.00
3745 337.00 314.00 337.00 314.00
3746 337.00 314.00 337.00 314.00
3747 337.00 314.00 337.00 314.00
3748 337.00 314.00 337.00 314.00
3749 337.00 314.00 337.00 314.00
3750 337.00 314.00 337.00 314.00
3751 337.00 314.00 337.00 314.00
3752 337.00 314.00 337.00 314.00
3753 337.00 314.00 337.00 314.00
3754 337.00 314.00 337.00 314.00
3755 337.00 314.00 337.00 314.00
3756 337.00 314.00 337.00 314.00
3757 337.00 314.00 337.00 314.00
3758 337.00 314.00 337.00 314.00
3759 337.00 314.00 337.00 314.00
3760 337.00 314.00 337.00 314.00
3761 337.00 314.00 337.00 314.00
3762 337.00 314.00 337.00 314.00
3763 337.00 314.00 337.00 314.00
3764 337.00 314.00 337.00 314.00
3765 337.00 314.00 337.00 314.00
3766 337.00 314.00 337.00 314.00
3767 347.00 292.00 370.00 326.00
3768 347.53 294.39 370.52 327.61
3769 348.32 296.16 371.29 329.15
3770 348.79 296.72 371.89 328.67
3771 349.44 297.22 372.49 328.41
3772 349.55 298.21 372.35 328.57
3773 349.42 298.72 371.97 328.49
3774 349.39 300.13 371.65 329.44
3775 349.02 301.29 371.05 329.65
3776 348.53 302.15 370.22 329.68
3777 347.73 303.75 369.19 330.39
3778 346.78 305.72 368.26 330.81
3779 345.48 307.20 366.99 331.77
3780 344.20 308.36 365.98 331.68
3781 343.35 309.61 365.48 332.25
3782 342.88 310.22 365.24 331.88
3783 342.41 311.26 364.91 332.14
3784 342.15 312.03 364.70 332.01
3785 341.42 312.23 364.01 330.98
3786 340.44 312.59 363.17 330.62
3787 339.17 312.51 361.63 330.09
3788 338.01 313.10 360.59 330.07
3789 337.19 312.65 359.52 329.38
3790 336.65 312.60 358.94 329.07
3791 336.90 312.16 358.76 328.80
3792 337.53 312.36 359.16 328.73
3793 337.77 311.94 358.98 328.34
3794 338.74 311.45 359.77 327.77
3795 339.77 310.53 360.94 326.26
3796 340.85 309.08 362.31 324.74
3797 341.20 308.40 363.00 323.98
3798 341.92 308.30 363.29 324.42
3799 342.26 308.61 363.58 325.12
3800 341.46 308.54 362.82 324.94
3801 340.78 308.72 362.49 324.61
3802 340.08 308.36 361.97 324.07
3803 339.68 308.63 361.19 324.01
3804 339.07 308.65 360.25 324.07
3805 338.53 309.40 359.31 325.01
3806 337.55 310.16 357.84 325.96
3807 335.90 312.03 355.78 327.79
3808 334.87 314.30 354.25 330.20
3809 333.84 316.43 352.78 332.26
3810 333.69 318.40 352.09 334.52
3811 332.98 320.33 350.62 336.56
3812 332.75 322.48 349.49 338.76
3813 332.46 324.00 348.21 340.42
3814 332.10 326.58 347.02 342.68
3815 331.58 329.41 345.57 344.88
3816 330.89 331.85 344.23 346.95
3817 330.79 334.55 344.11 348.92
3818 330.12 336.66 343.76 350.68
3819 330.49 337.82 344.34 351.51
3820 330.80 339.32 344.93 352.53
3821 332.11 340.73 346.45 353.66
3822 333.72 342.37 348.29 355.12
3823 334.94 343.89 349.79 356.54
3824 335.59 346.00 350.75 358.73
3825 335.07 348.20 350.80 360.65
3826 334.41 349.94 350.49 362.47
3827 333.47 351.62 350.22 364.11
3828 332.91 352.94 350.17 365.32
3829 332.12 353.94 350.01 366.06
3830 330.40 353.76 348.78 365.89
3831 330.16 353.82 348.89 365.44
3832 329.67 354.46 348.75 365.45
3833 329.38 354.90 348.87 365.63
3834 329.33 355.04 348.83 365.58
3835 328.88 355.19 348.49 365.78
3836 331.13 355.64 350.40 365.87
3837 332.40 357.76 351.55 367.62
3838 334.12 359.66 353.33 369.27
3839 336.88 360.56 355.85 369.74
3840 336.71 360.97 355.75 369.88
3841 338.08 361.65 356.78 369.91
3842 337.42 362.45 356.22 370.31
3843 337.91 363.43 356.76 370.80
3844 338.49 364.61 357.29 371.63
3845 336.79 367.05 355.53 373.69
3846 335.77 369.25 354.51 375.41
3847 334.06 371.06 352.99 376.78
3848 331.74 372.67 350.90 378.08
3849 329.70 374.37 349.01 379.45
3850 328.03 375.94 347.19 380.73
3851 326.56 377.37 345.67 381.80
3852 324.65 378.76 343.80 382.91
3853 322.74 379.93 341.74 383.94
3854 321.38 381.14 340.15 384.90
3855 319.64 382.14 338.28 385.78
3856 317.76 383.21 336.11 386.70
3857 315.97 384.14 334.01 387.53
3858 313.99 385.02 331.98 388.26
3859 311.50 386.05 329.58 389.06
3860 309.45 387.03 326.99 389.94
3861 309.45 387.03 326.99 389.94
3862 309.45 387.03 326.99 389.94
3863 309.45 387.03 326.99 389.94
3864 309.45 387.03 326.99 389.94
3865 309.45 387.03 326.99 389.94
3866 344.00 325.00 344.00 325.00
3867 344.00 325.00 344.00 325.00
3868 344.00 325.00 344.00 325.00
3869 344.00 325.00 344.00 325.00
3870 344.00 325.00 344.00 325.00
3871 344.00 325.00 344.00 325.00
3872 344.00 325.00 344.00 325.00
3873 344.00 325.00 344.00 325.00
3874 344.00 325.00 344.00 325.00
3875 344.00 325.00 344.00 325.00
3876 344.00 325.00 344.00 325.00
3877 344.00 325.00 344.00 325.00
3878 344.00 325.00 344.00 325.00
3879 344.00 325.00 344.00 325.00
3880 344.00 325.00 344.00 325.00
3881 344.00 325.00 344.00 325.00
3882 344.00 325.00 344.00 325.00
3883 344.00 325.00 344.00 325.00
3884 344.00 325.00 344.00 325.00
3885 344.00 325.00 344.00 325.00
3886 344.00 325.00 344.00 325.00
3887 344.00 325.00 344.00 325.00
3888 344.00 325.00 344.00 325.00
3889 344.00 325.00 344.00 325.00
3890 344.00 325.00 344.00 325.00
3891 344.00 325.00 344.00 325.00
3892 344.00 325.00 344.00 325.00
3893 344.00 325.00 344.00 325.00
3894 344.00 325.00 344.00 325.00
3895 344.00 325.00 344.00 325.00
3896 344.00 325.00 344.00 325.00
3897 344.00 325.00 344.00 325.00
3898 344.00 325.00 344.00 325.00
3899 344.00 325.00 344.00 325.00
3900 344.00 325.00 344.00 325.00
3901 344.00 325.00 344.00 325.00
3902 344.00 325.00 344.00 325.00
3903 344.00 325.00 344.00 325.00
3904 344.00 325.00 344.00 325.00
3905 344.00 325.00 344.00 325.00
3906 344.00 325.00 344.00 325.00
3907 344.00 325.00 344.00 325.00
3908 344.00 325.00 344.00 325.00
3909 344.00 325.00 344.00 325.00
3910 344.00 325.00 344.00 325.00
3911 344.00 325.00 344.00 325.00
3912 344.00 325.00 344.00 325.00
3913 344.00 325.00 344.00 325.00
3914 344.00 325.00 344.00 325.00
3915 344.00 325.00 344.00 325.00
3916 344.00 325.00 344.00 325.00
3917 344.00 325.00 344.00 325.00
3918 344.00 325.00 344.00 325.00
3919 344.00 325.00 344.00 325.00
3920 344.00 325.00 344.00 325.00
3921 344.00 325.00 344.00 325.00
3922 344.00 325.00 344.00 325.00
3923 344.00 325.00 344.00 325.00
3924 344.00 325.00 344.00 325.00
3925 344.00 325.00 344.00 325.00
3926 344.00 325.00 344.00 325.00
3927 344.00 325.00 344.00 325.00
3928 344.00 325.00 344.00 325.00
3929 344.00 325.00 344.00 325.00
3930 344.00 325.00 344.00 325.00
3931 344.00 325.00 344.00 325.00
3932 344.00 325.00 344.00 325.00
3933 344.00 325.00 344.00 325.00
3934 344.00 325.00 344.00 325.00
3935 344.00 325.00 344.00 325.00
3936 344.00 325.00 344.00 325.00
3937 344.00 325.00 344.00 325.00
3938 344.00 325.00 344.00 325.00
3939 344.00 325.00 344.00 325.00
3940 344.00 325.00 344.00 325.00
3941 344.00 325.00 344.00 325.00
3942 344.00 325.00 344.00 325.00
3943 344.00 325.00 344.00 325.00
3944 344.00 325.00 344.00 325.00
3945 344.00 325.00 344.00 325.00
3946 344.00 325.00 344.00 325.00
3947 344.00 325.00 344.00 325.00
3948 344.00 325.00 344.00 325.00
3949 344.00 325.00 344.00 325.00
3950 344.00 325.00 344.00 325.00
3951 344.00 325.00 344.00 325.00
3952 344.00 325.00 344.00 325.00
3953 344.00 325.00 344.00 325.00
3954 344.00 325.00 344.00 325.00
3955 344.00 325.00 344.00 325.00
3956 344.00 325.00 344.00 325.00
3957 344.00 325.00 344.00 325.00
3958 344.00 325.00 344.00 325.00
3959 344.00 325.00 344.00 325.00
3960 344.00 325.00 344.00 325.00
3961 344.00 325.00 344.00 325.00
3962 344.00 325.00 344.00 325.00
3963 344.00 325.00 344.00 325.00
3964 344.00 325.00 344.00 325.00
3965 344.00 325.00 344.00 325.00
3966 344.00 325.00 344.00 325.00
3967 344.00 325.00 344.00 325.00
3968 344.00 325.00 344.00 325.00
3969 344.00 325.00 344.00 325.00
3970 344.00 325.00 344.00 325.00
3971 344.00 325.00 344.00 325.00
3972 344.00 325.00 344.00 325.00
3973 344.00 325.00 344.00 325.00
3974 344.00 325.00 344.00 325.00
3975 344.00 325.00 344.00 325.00
3976 344.00 325.00 344.00 325.00
3977 344.00 325.00 344.00 325.00
3978 344.00 325.00 344.00 325.00
3979 344.00 325.00 344.00 325.00
3980 344.00 325.00 344.00 325.00
3981 344.00 325.00 344.00 325.00
3982 344.00 325.00 344.00 325.00
3983 344.00 325.00 344.00 325.00
3984 344.00 325.00 344.00 325.00
3985 344.00 325.00 344.00 325.00
3986 344.00 325.00 344.00 325.00
3987 344.00 325.00 344.00 325.00
3988 344.00 325.00 344.00 325.00
3989 344.00 325.00 344.00 325.00
3990 344.00 325.00 344.00 325.00
3991 344.00 325.00 344.00 325.00
3992 344.00 325.00 344.00 325.00
3993 344.00 325.00 344.00 325.00
3994 344.00 325.00 344.00 325.00
3995 344.00 325.00 344.00 325.00
3996 344.00 325.00 344.00 325.00
3997 344.00 325.00 344.00 325.00
3998 344.00 325.00 344.00 325.00
3999 344.00 325.00 344.00 325.00
4000 344.00 325.00 344.00 325.00
4001 344.00 325.00 344.00 325.00
4002 344.00 325.00 344.00 325.00
4003 344.00 325.00 344.00 325.00
4004 344.00 325.00 344.00 325.00
4005 344.00 325.00 344.00 325.00
4006 344.00 325.00 344.00 325.00
4007 344.00 325.00 344.00 325.00
4008 344.00 325.00 344.00 325.00
4009 344.00 325.00 344.00 325.00
4010 344.00 325.00 344.00 325.00
4011 344.00 325.00 344.00 325.00
4012 344.00 325.00 344.00 325.00
4013 344.00 325.00 344.00 325.00
4014 344.00 325.00 344.00 325.00
4015 344.00 325.00 344.00 325.00
4016 344.00 325.00 344.00 325.00
4017 344.00 325.00 344.00 325.00
4018 344.00 325.00 344.00 325.00
4019 344.00 325.00 344.00 325.00
4020 344.00 325.00 344.00 325.00
4021 344.00 325.00 344.00 325.00
4022 344.00 325.00 344.00 325.00
4023 344.00 325.00 344.00 325.00
4024 344.00 325.00 344.00 325.00
4025 344.00 325.00 344.00 325.00
4026 344.00 325.00 344.00 325.00
4027 344.00 325.00 344.00 325.00
4028 344.00 325.00 344.00 325.00
4029 344.00 325.00 344.00 325.00
4030 344.00 325.00 344.00 325.00
4031 344.00 325.00 344.00 325.00
4032 344.00 325.00 344.00 325.00
4033 344.00 325.00 344.00 325.00
4034 344.00 325.00 344.00 325.00
4035 344.00 325.00 344.00 325.00
4036 344.00 325.00 344.00 325.00
4037 344.00 325.00 344.00 325.00
4038 344.00 325.00 344.00 325.00
4039 344.00 325.00 344.00 325.00
4040 344.00 325.00 344.00 325.00
4041 344.00 325.00 344.00 325.00
4042 344.00 325.00 344.00 325.00
4043 344.00 325.00 344.00 325.00
4044 344.00 325.00 344.00 325.00
4045 344.00 325.00 344.00 325.00
4046 344.00 325.00 344.00 325.00
4047 344.00 325.00 344.00 325.00
4048 344.00 325.00 344.00 325.00
4049 344.00 325.00 344.00 325.00
4050 344.00 325.00 344.00 325.00
4051 344.00 325.00 344.00 325.00
4052 344.00 325.00 344.00 325.00
4053 344.00 325.00 344.00 325.00
4054 344.00 325.00 344.00 325.00
4055 344.00 325.00 344.00 325.00
4056 344.00 325.00 344.00 325.00
4057 344.00 325.00 344.00 325.00
4058 344.00 325.00 344.00 325.00
4059 344.00 325.00 344.00 325.00
4060 344.00 325.00 344.00 325.00
4061 344.00 325.00 344.00 325.00
4062 344.00 325.00 344.00 325.00
4063 344.00 325.00 344.00 325.00
4064 344.00 325.00 344.00 325.00
4065 344.00 325.00 344.00 325.00
4066 344.00 325.00 344.00 325.00
4067 344.00 325.00 344.00 325.00
4068 344.00 325.00 344.00 325.00
4069 344.00 325.00 344.00 325.00
4070 344.00 325.00 344.00 325.00
4071 344.00 325.00 344.00 325.00
4072 344.00 325.00 344.00 325.00
4073 344.00 325.00 344.00 325.00
4074 344.00 325.00 344.00 325.00
4075 344.00 325.00 344.00 325.00
4076 344.00 325.00 344.00 325.00
4077 344.00 325.00 344.00 325.00
4078 344.00 325.00 344.00 325.00
4079 344.00 325.00 344.00 325.00
4080 344.00 325.00 344.00 325.00
4081 344.00 325.00 344.00 325.00
4082 344.00 325.00 344.00 325.00
4083 344.00 325.00 344.00 325.00
4084 344.00 325.00 344.00 325.00
4085 344.00 325.00 344.00 325.00
4086 344.00 325.00 344.00 325.00
4087 344.00 325.00 344.00 325.00
4088 344.00 325.00 344.00 325.00
4089 344.00 325.00 344.00 325.00
4090 344.00 325.00 344.00 325.00
4091 344.00 325.00 344.00 325.00
4092 344.00 325.00 344.00 325.00
4093 344.00 325.00 344.00 325.00
4094 344.00 325.00 344.00 325.00
4095 344.00 325.00 344.00 325.00
4096 344.00 325.00 344.00 325.00
4097 344.00 325.00 344.00 325.00
4098 344.00 325.00 344.00 325.00
4099 344.00 325.00 344.00 325.00
4100 344.00 325.00 344.00 325.00
4101 344.00 325.00 344.00 325.00
4102 344.00 325.00 344.00 325.00
4103 344.00 325.00 344.00 325.00
4104 344.00 325.00 344.00 325.00
4105 344.00 325.00 344.00 325.00
4106 344.00 325.00 344.00 325.00
4107 344.00 325.00 344.00 325.00
4108 344.00 325.00 344.00 325.00
4109 344.00 325.00 344.00 325.00
4110 344.00 325.00 344.00 325.00
4111 344.00 325.00 344.00 325.00
4112 344.00 325.00 344.00 325.00
4113 344.00 325.00 344.00 325.00
4114 344.00 325.00 344.00 325.00
4115 344.00 325.00 344.00 325.00
4116 344.00 325.00 344.00 325.00
4117 344.00 325.00 344.00 325.00
4118 344.00 325.00 344.00 325.00
4119 344.00 325.00 344.00 325.00
4120 344.00 325.00 344.00 325.00
4121 344.00 325.00 344.00 325.00
4122 344.00 325.00 344.00 325.00
4123 344.00 325.00 344.00 325.00
4124 344.00 325.00 344.00 325.00
4125 344.00 325.00 344.00 325.00
4126 344.00 325.00 344.00 325.00
4127 344.00 325.00 344.00 325.00
4128 344.00 325.00 344.00 325.00
4129 344.00 325.00 344.00 325.00
4130 344.00 325.00 344.00 325.00
4131 344.00 325.00 344.00 325.00
4132 344.00 325.00 344.00 325.00
4133 344.00 325.00 344.00 325.00
4134 344.00 325.00 344.00 325.00
4135 344.00 325.00 344.00 325.00
4136 344.00 325.00 344.00 325.00
4137 344.00 325.00 344.00 325.00
4138 344.00 325.00 344.00 325.00
4139 344.00 325.00 344.00 325.00
4140 344.00 325.00 344.00 325.00
4141 344.00 325.00 344.00 325.00
4142 344.00 325.00 344.00 325.00
4143 344.00 325.00 344.00 325.00
4144 344.00 325.00 344.00 325.00
4145 344.00 325.00 344.00 325.00
4146 344.00 325.00 344.00 325.00
4147 344.00 325.00 344.00 325.00
4148 344.00 325.00 344.00 325.00
4149 344.00 325.00 344.00 325.00
4150 344.00 325.00 344.00 325.00
4151 344.00 325.00 344.00 325.00
4152 344.00 325.00 344.00 325.00
4153 344.00 325.00 344.00 325.00
4154 344.00 325.00 344.00 325.00
4155 344.00 325.00 344.00 325.00
4156 344.00 325.00 344.00 325.00
4157 344.00 325.00 344.00 325.00
4158 344.00 325.00 344.00 325.00
4159 344.00 325.00 344.00 325.00
4160 344.00 325.00 344.00 325.00
4161 344.00 325.00 344.00 325.00
4162 344.00 325.00 344.00 325.00
4163 344.00 325.00 344.00 325.00
4164 344.00 325.00 344.00 325.00
4165 344.00 325.00 344.00 325.00
4166 344.00 325.00 344.00 325.00
4167 344.00 325.00 344.00 325.00
4168 344.00 325.00 344.00 325.00
4169 344.00 325.00 344.00 325.00
4170 344.00 325.00 344.00 325.00
4171 344.00 325.00 344.00 325.00
4172 344.00 325.00 344.00 325.00
4173 344.00 325.00 344.00 325.00
4174 344.00 325.00 344.00 325.00
4175 344.00 325.00 344.00 325.00
4176 344.00 325.00 344.00 325.00
4177 344.00 325.00 344.00 325.00
4178 344.00 325.00 344.00 325.00
4179 344.00 325.00 344.00 325.00
4180 344.00 325.00 344.00 325.00
4181 344.00 325.00 344.00 325.00
4182 344.00 325.00 344.00 325.00
4183 344.00 325.00 344.00 325.00
4184 344.00 325.00 344.00 325.00
4185 344.00 325.00 344.00 325.00
4186 344.00 325.00 344.00 325.00
4187 344.00 325.00 344.00 325.00
4188 344.00 325.00 344.00 325.00
4189 344.00 325.00 344.00 325.00
4190 344.00 325.00 344.00 325.00
4191 344.00 325.00 344.00 325.00
4192 344.00 325.00 344.00 325.00
4193 344.00 325.00 344.00 325.00
4194 344.00 325.00 344.00 325.00
4195 344.00 325.00 344.00 325.00
4196 344.00 325.00 344.00 325.00
4197 344.00 325.00 344.00 325.00
4198 344.00 325.00 344.00 325.00
4199 344.00 325.00 344.00 325.00
4200 344.00 325.00 344.00 325.00
4201 344.00 325.00 344.00 325.00
4202 344.00 325.00 344.00 325.00
4203 344.00 325.00 344.00 325.00
4204 344.00 325.00 344.00 325.00
4205 344.00 325.00 344.00 325.00
4206 344.00 325.00 344.00 325.00
4207 344.00 325.00 344.00 325.00
4208 344.00 325.00 344.00 325.00
4209 344.00 325.00 344.00 325.00
4210 344.00 325.00 344.00 325.00
4211 344.00 325.00 344.00 325.00
4212 344.00 325.00 344.00 325.00
4213 344.00 325.00 344.00 325.00
4214 344.00 325.00 344.00 325.00
4215 344.00 325.00 344.00 325.00
4216 344.00 325.00 344.00 325.00
4217 344.00 325.00 344.00 325.00
4218 344.00 325.00 344.00 325.00
4219 344.00 325.00 344.00 325.00
4220 344.00 325.00 344.00 325.00
4221 344.00 325.00 344.00 325.00
4222 344.00 325.00 344.00 325.00
4223 344.00 325.00 344.00 325.00
4224 344.00 325.00 344.00 325.00
