36 390 303
36 390 302
37 394 313
38 394 312
38 394 312
39 394 312
40 394 312
40 393 312
40 393 311
38 392 311
36 390 308
35 386 298
33 382 287
33 376 278
31 372 270
30 370 266
28 367 262
27 366 259
27 365 258
27 365 256
26 365 256
26 364 254
26 361 250
26 359 247
26 359 246
27 361 246
28 362 248
30 365 248
33 371 244
35 383 241
35 398 235
35 412 228
35 425 224
35 437 221
35 452 214
35 464 211
35 474 207
35 480 204
35 482 204
34 482 205
35 482 206
35 482 207
37 483 208
38 486 208
38 491 215
37 495 224
36 497 231
37 500 238
39 504 246
41 508 255
43 513 265
44 518 278
44 525 289
45 529 299
45 534 305
46 538 313
46 540 316
45 540 317
44 539 317
43 539 316
43 539 317
42 539 317
40 537 317
37 534 318
35 526 319
36 510 326
35 490 332
34 470 334
33 457 338
33 452 345
34 447 353
35 442 359
37 440 366
37 436 373
38 434 382
39 431 391
40 428 399
41 425 407
42 423 412
42 421 418
42 419 424
43 418 430
43 415 435
44 413 440
44 412 444
44 411 449
44 408 453
44 405 458
