140 350.00 125.00 398.00 185.00
141 349.86 124.97 398.19 185.33
142 348.65 125.01 396.88 184.52
143 348.82 125.75 396.38 185.32
144 348.95 125.92 396.87 185.38
145 348.97 125.99 396.36 185.66
146 349.08 126.15 396.81 185.82
147 348.99 126.09 396.37 185.30
148 349.09 126.27 396.79 185.59
149 349.16 126.13 396.16 185.46
150 348.89 126.21 396.19 185.58
151 349.02 125.96 396.64 185.51
152 349.15 126.57 396.99 185.89
153 349.29 126.09 396.44 185.08
154 348.96 126.41 396.56 185.24
155 349.03 126.82 397.26 185.58
156 349.27 127.73 396.97 185.86
157 349.46 128.49 396.72 185.83
158 349.40 129.35 397.06 186.04
159 349.59 130.72 396.78 186.41
160 350.14 131.95 397.79 186.85
161 350.54 131.88 397.38 186.28
162 350.99 132.38 397.29 186.64
163 350.91 133.58 398.30 186.59
164 351.38 134.28 398.14 186.37
165 351.57 135.07 398.06 186.87
166 351.70 136.52 399.21 187.38
167 351.72 136.85 399.16 187.18
168 351.75 137.62 399.92 187.53
169 351.66 138.02 400.41 187.32
170 353.04 138.48 402.29 187.49
171 355.82 138.81 404.58 187.86
172 358.30 139.00 407.06 189.01
173 360.76 138.83 409.21 189.55
174 363.14 139.43 411.62 190.38
175 366.78 139.96 415.23 191.38
176 370.28 140.89 419.51 193.38
177 372.79 140.98 422.03 195.30
178 374.64 141.36 424.27 197.53
179 377.21 141.98 427.60 200.09
180 378.89 143.34 429.11 202.92
181 379.99 143.28 430.64 203.94
182 381.20 144.72 432.36 206.42
183 382.08 145.89 433.91 207.90
184 383.59 146.99 435.97 209.52
185 385.28 148.60 438.45 211.56
186 386.33 149.56 440.15 213.41
187 387.56 150.36 441.70 215.04
188 387.92 150.71 442.08 215.99
189 388.74 154.42 443.31 219.27
190 388.72 156.04 443.65 220.28
191 389.18 157.24 444.67 222.40
192 390.23 158.24 446.26 223.19
193 390.96 159.01 447.36 224.42
194 390.65 159.50 446.73 225.46
195 390.47 161.03 446.95 227.00
196 390.27 162.27 446.63 227.67
197 389.94 163.13 445.96 228.95
198 389.71 164.69 446.05 230.53
199 389.03 166.32 445.55 231.68
200 388.73 167.00 444.98 232.44
201 388.29 168.69 444.67 234.02
202 387.94 169.96 443.88 234.56
203 387.34 171.20 443.25 236.22
204 386.70 174.41 442.73 238.65
205 385.06 175.64 441.20 239.68
206 383.38 177.30 439.95 241.86
207 380.50 178.75 436.13 244.58
208 376.70 181.38 432.08 247.06
209 373.03 184.22 427.61 248.56
210 368.37 186.38 422.28 249.29
211 362.91 187.49 416.24 249.39
212 356.51 187.38 408.95 249.11
213 351.92 186.82 403.27 248.58
214 348.20 184.70 398.39 247.11
215 344.26 183.38 393.05 246.18
216 339.59 180.91 387.81 242.83
217 335.22 178.31 382.60 238.46
218 331.03 174.83 377.45 233.10
219 326.74 171.12 374.76 230.08
220 322.94 167.73 371.73 227.26
221 320.24 164.81 370.16 224.16
222 319.30 162.43 367.78 219.60
223 318.53 162.33 365.92 217.14
224 317.83 162.23 363.82 214.22
225 317.68 163.27 363.37 212.78
226 317.48 164.42 362.17 210.47
227 317.12 165.93 361.02 210.15
228 316.72 166.72 359.91 208.64
229 315.84 167.12 358.40 206.95
230 314.52 168.85 356.44 205.86
231 311.78 169.03 354.02 204.41
232 309.13 169.22 350.19 202.54
233 306.74 169.37 347.22 200.87
234 305.40 170.28 345.47 199.58
235 304.31 171.44 344.40 199.87
236 302.99 172.30 344.18 199.79
237 302.22 172.78 343.38 199.47
238 301.51 173.44 342.40 199.05
239 300.20 173.34 341.02 198.54
240 298.74 173.07 339.75 197.69
241 298.24 172.71 339.10 197.15
242 297.30 172.38 338.24 197.02
243 295.89 171.39 336.33 195.60
244 294.30 169.76 333.67 193.45
245 293.06 168.52 331.71 191.56
246 291.72 166.88 330.03 189.51
247 290.85 166.35 328.72 188.11
248 289.80 165.10 327.61 187.07
249 288.35 163.55 325.43 185.14
250 287.02 162.30 323.99 183.46
251 285.64 160.27 323.19 182.59
252 284.79 159.67 322.88 181.95
253 283.85 158.60 322.78 181.54
254 282.90 157.77 321.99 180.40
255 281.71 156.28 320.71 179.21
256 280.51 154.64 319.02 177.51
257 279.60 153.49 318.09 176.04
258 280.19 153.46 318.75 176.07
259 280.63 152.84 318.35 176.25
260 281.09 152.91 318.38 176.39
261 282.02 152.71 318.77 176.33
262 282.58 152.03 318.81 176.61
263 284.26 151.67 319.53 176.57
264 285.87 151.18 320.32 176.69
265 287.17 150.40 320.54 176.21
266 289.10 150.44 321.81 176.35
267 290.99 150.99 323.26 176.69
268 292.61 150.29 324.44 176.23
269 294.69 150.06 326.64 176.57
270 296.38 150.15 328.23 176.44
271 297.42 149.87 329.05 176.07
272 298.17 149.89 329.69 175.99
273 299.17 149.98 330.61 176.05
274 299.79 150.31 330.84 176.04
275 300.30 149.63 331.13 175.33
276 300.85 149.89 331.44 175.44
277 300.48 150.91 331.09 176.10
278 300.16 151.35 330.43 176.21
279 299.47 151.54 329.75 176.21
280 298.28 152.05 328.78 176.32
281 297.66 152.40 328.32 176.69
282 297.20 151.99 327.54 176.29
283 296.69 151.49 326.69 175.72
284 296.24 149.19 325.91 173.20
285 295.77 144.80 324.67 168.38
286 296.34 142.67 324.49 165.02
287 296.81 139.52 324.75 162.18
288 297.34 138.33 325.58 160.48
289 297.48 135.05 326.06 157.40
290 298.60 130.56 327.56 152.72
291 299.31 127.94 328.03 149.78
292 300.13 123.90 329.02 146.26
293 300.13 118.26 329.02 142.11
294 300.37 114.23 328.66 138.12
295 298.72 109.54 325.96 133.72
296 298.31 109.07 325.69 132.80
297 298.64 108.27 326.18 131.87
298 297.94 106.69 325.48 130.39
299 297.93 106.11 325.86 129.43
300 297.45 105.83 325.34 128.29
301 297.57 105.27 326.07 127.31
302 297.50 104.93 326.29 126.83
303 297.63 104.54 326.36 125.99
304 297.43 103.97 326.34 124.87
305 297.25 103.11 326.47 123.74
306 297.19 102.31 326.66 122.71
307 297.47 101.00 327.00 121.06
308 297.37 100.23 326.75 120.12
309 297.06 99.51 326.80 119.40
310 297.02 99.00 326.66 118.58
311 296.86 98.18 326.77 117.70
312 296.63 97.64 326.53 116.84
313 296.78 96.58 326.85 115.55
314 296.94 96.11 326.65 114.65
315 297.39 95.64 326.92 113.92
316 297.69 94.53 327.16 113.05
317 297.85 93.78 327.59 112.37
318 298.64 93.10 328.59 111.58
319 298.90 92.39 329.34 110.20
320 299.16 91.32 330.22 109.21
321 299.23 91.19 330.69 108.92
322 299.50 90.34 331.48 108.31
323 299.31 90.42 331.54 108.34
324 299.63 90.50 332.12 108.13
325 299.79 90.09 332.65 107.41
326 300.39 89.81 333.20 107.23
327 300.45 89.30 333.34 106.22
328 301.22 88.34 334.46 105.22
329 301.64 88.24 335.03 104.63
330 301.84 88.10 335.22 104.49
331 302.41 88.04 336.12 104.23
332 303.27 87.24 337.11 103.57
333 304.16 86.80 338.52 103.06
334 305.09 84.77 340.03 102.38
335 306.63 83.60 341.33 101.76
336 308.09 82.05 342.59 100.89
337 309.68 80.71 343.82 100.17
338 311.40 80.07 344.95 99.49
339 312.60 78.94 345.75 99.09
340 313.49 78.45 345.83 99.09
341 313.39 78.39 344.71 99.16
342 313.40 78.79 343.78 99.07
343 313.63 79.17 343.62 99.22
344 314.60 79.34 344.66 99.54
345 315.69 79.93 345.71 100.36
346 315.49 81.37 345.40 100.92
347 310.79 82.45 340.83 102.58
348 309.09 83.10 339.91 102.92
349 307.16 83.05 339.22 103.33
350 305.98 83.62 338.93 103.81
351 305.03 84.37 338.72 103.90
352 304.34 85.04 338.37 103.82
353 303.45 85.75 338.99 104.31
354 302.78 86.28 338.49 104.19
355 302.73 86.38 339.24 104.25
356 302.50 86.30 339.39 104.34
357 302.44 86.58 338.95 104.46
358 302.68 86.87 339.11 104.58
359 303.32 87.04 339.55 104.89
360 304.20 87.50 338.79 104.75
361 305.39 88.19 339.43 105.12
362 306.85 88.07 340.12 104.78
363 308.18 87.39 340.07 104.78
364 309.14 87.76 340.01 104.93
365 309.93 87.89 340.75 104.77
366 310.49 87.97 340.70 104.89
367 311.05 88.08 340.65 104.95
368 311.40 87.77 340.66 104.77
369 310.79 87.30 339.91 104.41
370 310.07 86.96 339.45 103.99
371 308.96 87.21 338.47 103.34
372 306.58 87.68 336.78 103.01
373 305.30 87.71 335.85 102.33
374 303.13 87.34 333.78 100.85
375 301.95 86.50 332.07 99.16
376 300.28 85.32 329.81 97.81
377 297.42 82.81 326.15 94.98
378 294.45 79.18 322.55 91.31
379 290.33 74.69 318.08 86.38
380 289.62 71.64 316.21 84.12
381 289.66 70.82 316.08 83.13
382 289.89 70.03 316.14 82.53
383 289.87 69.52 315.86 82.01
384 289.77 69.03 316.04 81.79
385 289.95 68.09 316.31 81.65
386 290.75 68.06 317.60 81.92
387 292.47 67.33 319.22 81.86
388 295.11 67.06 321.32 82.67
389 296.39 67.10 322.85 83.65
390 297.93 67.66 324.16 84.86
391 301.69 68.83 328.14 89.10
392 304.36 70.08 330.75 91.79
393 305.82 72.14 332.69 94.32
394 307.93 74.24 335.37 97.54
395 309.93 76.04 337.84 100.14
396 311.94 78.17 339.81 102.68
397 313.71 80.76 342.55 105.57
398 316.46 83.34 345.74 108.47
399 318.46 86.57 348.70 111.75
400 321.11 88.09 352.04 114.61
401 324.93 91.61 357.00 119.03
402 327.61 95.04 360.10 121.99
403 329.53 96.80 362.47 124.71
404 331.32 100.07 364.73 126.54
405 333.72 103.01 367.84 129.55
406 335.72 106.17 370.32 132.04
407 338.30 110.20 374.49 138.07
408 339.67 112.86 375.94 140.17
409 340.79 116.07 377.44 142.23
410 342.68 118.86 378.84 144.56
411 343.44 120.80 379.78 146.04
412 344.74 123.48 381.20 147.69
413 346.23 125.73 382.94 149.88
414 348.09 128.14 384.33 151.63
415 351.11 131.79 387.92 156.04
416 351.58 134.82 388.77 157.74
417 353.57 137.32 390.88 159.59
418 355.23 140.24 391.72 161.84
419 357.23 143.93 394.78 164.34
420 358.84 147.02 396.72 166.54
421 359.90 149.35 398.35 168.44
422 362.63 152.75 402.06 173.06
423 363.37 154.90 402.91 175.20
424 364.51 156.40 403.71 176.92
425 366.38 158.00 405.22 178.36
426 367.14 159.07 405.19 178.49
427 367.14 160.58 405.99 180.45
428 367.56 161.85 406.25 181.91
429 368.08 163.47 406.71 183.60
430 368.45 165.29 407.18 186.01
431 368.18 166.79 406.52 187.60
432 368.45 168.86 407.07 190.24
433 368.80 171.34 407.35 193.60
434 368.78 174.11 406.43 196.20
435 369.23 175.89 406.73 197.79
436 369.68 177.24 406.32 197.79
437 370.34 177.76 405.86 197.93
438 369.91 177.62 404.68 197.62
439 370.26 178.01 404.94 197.48
440 370.23 178.24 404.98 197.86
441 370.28 178.43 404.87 197.71
442 370.73 178.72 404.68 197.92
443 371.41 179.05 404.64 197.80
444 371.87 179.06 405.01 197.85
445 372.43 179.05 404.73 197.59
446 372.57 178.07 404.32 196.62
447 372.78 177.57 403.96 195.60
448 372.96 178.12 404.33 195.47
449 373.53 177.89 404.93 195.46
450 373.65 177.88 404.45 195.42
451 374.25 177.21 404.70 194.53
452 374.96 176.71 405.62 193.97
453 375.08 176.39 405.57 193.63
454 375.42 175.11 405.59 192.70
455 375.87 174.38 406.14 192.19
456 375.90 173.60 406.55 192.15
457 376.23 172.80 406.82 191.78
458 376.48 171.17 406.93 190.98
459 376.62 169.84 406.92 190.09
460 377.19 169.43 407.65 189.66
461 378.42 169.69 409.19 189.55
462 380.83 167.93 412.57 186.93
463 385.36 166.22 416.50 184.62
464 391.27 163.34 422.91 181.57
465 390.96 157.01 423.12 176.14
466 392.77 153.25 425.48 172.80
467 395.20 146.92 428.51 167.68
468 397.35 138.71 431.11 159.94
469 396.98 135.55 429.90 154.66
470 392.82 134.47 425.59 154.57
471 387.32 135.41 419.58 154.86
472 379.63 136.00 410.93 154.10
473 374.41 136.47 405.12 153.12
474 371.28 134.10 400.40 149.78
475 366.24 126.93 394.35 143.37
476 364.24 126.50 391.49 141.55
477 363.74 127.13 390.76 141.80
478 363.89 127.12 391.81 141.52
479 363.61 127.26 391.00 141.32
480 363.28 127.22 390.85 141.55
481 362.99 127.12 390.67 140.85
482 362.29 126.69 390.43 140.66
483 361.99 126.39 390.70 140.26
484 361.47 126.58 390.62 140.42
485 360.24 126.20 390.44 140.44
486 360.35 125.98 390.75 140.17
487 359.92 125.99 390.62 140.36
488 360.97 126.99 390.82 140.31
489 362.19 127.02 391.88 140.41
490 365.10 126.41 395.53 140.65
491 369.32 123.74 400.87 140.37
492 374.03 122.90 407.44 139.81
493 383.42 122.14 418.29 140.76
494 388.58 123.20 424.22 143.63
495 393.47 124.85 430.14 147.05
496 398.31 126.23 435.77 150.11
497 402.62 128.59 441.20 153.18
498 407.84 130.15 447.19 156.65
499 411.79 133.11 450.58 159.97
500 415.64 137.00 455.05 163.56
501 417.05 140.23 456.64 165.23
502 418.62 144.30 458.88 167.86
503 421.10 147.82 462.64 172.01
504 422.36 151.46 465.17 174.92
505 422.73 153.46 464.48 176.04
506 423.23 155.68 466.84 179.26
507 422.70 158.46 466.48 181.05
508 422.28 160.66 467.57 182.51
509 422.70 162.46 468.67 184.39
510 422.65 164.65 468.84 185.85
511 422.13 166.05 469.05 187.23
512 423.17 167.90 471.29 189.35
513 423.45 170.99 472.85 192.12
514 423.65 173.51 472.92 194.42
515 424.15 175.83 474.25 197.01
516 424.30 177.45 475.47 198.89
517 423.79 180.35 475.59 201.67
518 422.98 182.47 475.97 203.95
519 422.13 183.56 476.19 205.40
520 419.87 185.05 475.59 208.59
521 414.49 186.64 471.35 210.12
522 409.06 187.66 465.74 210.49
523 391.43 186.92 445.83 207.43
524 381.42 184.67 433.45 203.76
525 376.46 183.87 428.82 201.11
526 372.64 182.94 424.05 198.75
527 368.91 182.13 419.11 196.68
528 366.23 181.27 415.43 194.95
529 363.48 181.22 411.41 194.17
530 360.97 180.40 408.02 192.92
531 357.02 179.38 402.81 191.80
532 354.66 178.35 398.28 190.67
533 351.27 177.52 393.70 189.35
534 348.53 176.67 389.60 188.55
535 345.75 176.03 385.73 187.99
536 343.46 175.55 383.02 187.62
537 341.64 174.94 381.21 187.39
538 339.71 174.18 379.57 186.83
539 338.27 173.50 378.19 186.15
540 337.16 173.03 377.62 185.61
541 336.21 172.44 376.65 184.77
542 335.59 171.30 375.59 183.95
543 335.51 170.59 374.71 183.15
544 335.65 170.48 374.13 183.26
545 335.85 169.52 373.43 181.88
546 336.00 169.30 372.67 181.51
547 334.81 168.04 370.69 180.48
548 334.14 167.47 368.94 179.77
549 334.77 167.49 369.51 179.79
550 335.27 167.46 369.09 179.56
551 334.64 166.34 367.51 178.20
552 334.02 165.32 365.98 177.05
553 332.44 163.90 363.37 175.55
554 331.53 162.62 361.32 174.16
555 330.11 161.01 359.40 172.18
556 328.87 160.32 357.43 170.61
557 327.30 159.46 355.45 169.22
558 325.53 157.80 352.80 167.60
559 323.30 155.95 350.33 165.71
560 321.26 153.43 347.71 163.75
561 319.56 151.88 345.91 161.93
562 318.64 149.79 344.49 159.85
563 315.63 146.08 341.45 156.51
564 312.13 143.35 337.72 153.74
565 311.24 142.44 337.44 153.16
566 310.71 142.05 337.04 152.54
567 310.62 141.84 337.63 152.42
568 310.90 141.32 338.49 152.69
569 311.31 141.46 338.92 153.22
570 311.62 141.10 339.07 153.82
571 312.59 140.79 340.27 153.66
572 313.78 138.88 341.84 152.86
573 314.52 138.06 342.93 152.31
574 315.89 136.51 345.94 152.11
575 316.35 135.14 348.17 151.68
576 316.10 133.97 348.99 151.51
577 315.20 133.69 349.51 151.16
578 314.77 133.80 349.91 151.35
579 314.93 133.56 350.67 151.39
580 314.54 132.76 350.83 151.36
581 314.53 132.55 351.35 150.90
582 313.81 132.36 350.57 150.91
583 313.24 132.68 350.73 151.04
584 312.47 132.83 350.23 150.76
585 312.18 132.86 349.98 150.77
586 311.82 132.43 350.13 150.55
587 311.64 132.67 350.32 150.67
588 311.31 132.79 350.25 150.70
589 310.99 133.01 350.58 151.26
590 311.13 133.24 351.67 151.71
591 311.69 133.40 352.09 151.97
592 313.29 133.96 353.95 153.09
593 314.80 134.85 355.78 154.23
594 316.61 135.87 358.29 155.87
595 318.13 137.02 359.47 157.25
596 319.74 138.29 361.86 159.60
597 320.38 139.09 362.44 160.56
598 322.43 140.29 365.10 162.14
599 325.04 142.20 367.80 164.47
600 327.43 143.85 370.27 166.49
601 334.03 144.42 376.98 167.57
602 339.17 150.22 381.77 174.71
603 343.73 155.96 385.61 180.95
604 346.28 158.83 390.05 184.27
605 348.85 161.33 393.66 186.92
606 351.71 163.41 397.68 189.20
607 354.94 166.34 401.82 192.67
608 357.94 170.17 405.26 196.74
609 361.03 172.55 409.15 199.68
610 363.41 175.39 411.84 202.72
611 366.31 177.30 415.32 204.91
612 368.28 179.79 418.08 207.45
613 370.80 182.56 421.03 210.32
614 373.04 185.43 423.80 213.36
615 374.60 187.78 426.20 216.86
616 376.81 189.92 429.59 219.79
617 378.95 191.87 432.67 222.56
618 381.61 193.37 436.25 224.46
619 383.47 195.41 438.88 226.51
620 387.80 199.47 444.46 231.43
621 389.06 202.33 447.81 235.88
622 390.89 206.10 451.70 239.70
623 392.64 209.98 454.60 243.59
624 393.19 213.69 454.71 247.50
625 393.82 217.64 456.86 251.29
626 393.69 220.87 456.46 254.85
627 393.14 224.60 456.46 257.88
628 392.62 228.64 457.12 261.04
629 392.65 232.16 457.32 264.17
630 393.38 235.11 457.32 266.33
631 393.69 238.06 457.96 268.86
632 394.46 240.84 457.82 271.44
633 395.77 243.60 459.25 273.89
634 396.27 246.11 458.89 276.25
635 396.63 248.08 459.68 278.94
636 396.88 251.09 460.44 282.16
637 396.23 253.39 460.41 283.87
638 395.73 255.74 460.79 287.01
639 395.96 258.93 461.11 289.60
640 396.37 261.50 460.63 291.83
641 396.15 263.85 460.81 294.04
642 396.45 266.26 461.02 296.17
643 396.23 268.90 460.80 297.58
644 395.99 270.84 460.61 298.51
645 396.14 273.26 460.14 300.21
646 396.74 275.16 460.16 301.85
647 396.50 276.63 459.64 303.33
648 396.96 278.05 460.52 305.37
649 396.99 279.75 459.82 307.64
650 396.43 281.62 459.07 310.52
651 395.15 284.28 458.72 312.89
652 393.99 286.14 458.23 315.26
653 393.78 288.96 460.24 319.35
654 393.25 292.35 458.54 322.78
655 391.75 295.69 457.50 325.95
656 392.60 299.56 458.95 330.13
657 393.50 302.67 460.48 332.97
658 392.57 305.76 459.62 336.38
659 391.48 308.44 460.11 339.92
660 389.43 311.40 458.01 342.43
661 387.67 314.96 456.22 347.56
662 385.32 318.61 453.38 352.36
663 382.69 322.06 450.41 355.28
664 380.09 325.09 446.97 359.01
665 377.90 328.61 444.78 361.11
666 376.79 331.91 443.48 363.53
667 375.45 333.91 441.34 364.46
668 374.15 335.19 440.27 364.63
669 373.51 336.74 438.79 365.44
670 372.97 338.67 437.37 366.75
671 372.13 339.91 434.98 367.47
672 371.86 341.67 435.93 369.39
673 371.16 342.84 434.68 369.68
674 370.97 344.41 436.20 371.45
675 370.44 346.12 434.20 372.50
676 370.56 348.46 435.59 374.41
677 371.37 350.48 437.44 377.33
678 372.59 353.23 440.30 380.65
679 373.54 356.02 441.89 384.10
680 374.88 358.87 443.91 387.78
681 375.02 360.92 443.15 389.49
682 375.76 363.25 444.62 391.28
683 377.34 365.55 445.59 393.68
684 377.99 367.81 446.09 395.96
685 380.84 369.82 449.04 398.69
686 381.93 370.59 449.15 399.51
687 383.31 372.68 449.96 402.36
688 383.95 374.26 450.52 404.48
689 384.54 375.53 450.61 405.61
690 385.39 377.09 451.14 406.62
691 385.11 377.67 450.95 407.54
692 385.54 378.85 451.46 408.73
693 385.07 380.14 451.87 409.78
694 384.99 380.59 452.89 410.12
695 385.69 382.06 453.56 412.05
696 385.75 383.43 453.53 413.29
697 385.39 384.11 454.88 414.53
698 385.35 384.29 454.10 414.08
699 385.80 384.58 455.71 414.04
700 386.52 384.56 455.49 413.63
701 387.25 385.14 456.35 414.27
702 387.37 385.32 456.38 414.29
703 387.57 386.66 456.67 415.30
704 387.66 387.74 457.65 417.06
705 387.92 388.41 457.06 417.55
706 386.83 389.14 455.63 418.07
707 385.54 390.12 454.54 418.21
708 382.22 389.30 449.90 417.54
709 380.13 388.50 445.67 416.35
710 377.73 387.81 441.71 414.57
711 374.75 386.83 437.77 413.42
712 373.38 386.62 436.76 412.66
713 371.34 386.57 434.68 411.59
714 366.41 385.36 428.99 409.11
715 362.99 383.30 424.77 406.59
716 358.89 380.47 418.53 403.17
717 357.12 378.04 414.00 399.85
718 356.10 375.87 410.07 397.11
719 355.64 374.12 408.07 394.68
720 355.61 373.15 407.98 394.14
721 355.24 372.10 406.97 393.37
722 355.44 371.38 406.85 393.45
723 354.89 370.98 406.19 393.45
724 354.82 369.78 406.20 392.77
725 355.30 369.32 406.20 392.84
726 355.37 368.74 405.99 392.81
727 355.60 368.09 406.23 392.30
728 354.44 367.34 405.77 392.50
729 354.56 367.52 406.41 392.82
730 353.94 366.65 406.22 392.86
731 353.83 366.91 405.90 392.68
732 353.79 366.27 406.41 392.61
733 353.30 365.52 405.64 391.59
734 352.32 363.66 404.31 389.51
735 349.00 360.34 400.68 384.04
736 345.28 356.21 395.83 377.44
737 340.10 350.83 389.67 370.38
738 336.60 345.40 383.62 364.38
739 333.64 342.91 379.53 360.73
740 332.60 340.74 380.71 359.15
741 328.87 337.71 376.78 355.97
742 326.72 335.03 376.78 352.23
743 322.58 332.22 372.64 348.86
744 319.10 329.45 370.05 346.52
745 317.35 327.99 369.25 345.13
746 315.22 326.97 369.21 344.53
747 314.06 326.87 368.35 344.12
748 311.11 325.41 368.32 343.62
749 310.37 325.16 368.20 343.46
750 308.85 324.09 367.92 342.71
751 307.06 322.96 367.27 341.09
752 300.70 319.03 360.34 335.65
753 294.92 314.91 353.71 330.84
754 288.64 310.10 347.21 325.79
755 282.68 306.19 341.74 321.38
756 278.75 303.41 339.14 318.52
757 273.04 300.33 334.20 314.38
758 268.08 297.26 328.64 310.89
759 264.23 293.66 324.68 307.79
760 262.66 291.91 324.39 306.69
761 261.36 291.50 324.65 306.75
762 259.72 290.69 324.02 306.65
763 258.40 289.96 324.21 306.66
764 257.51 289.54 323.32 306.74
765 255.20 289.61 320.45 307.77
766 253.77 289.86 317.16 308.61
767 251.99 290.62 313.13 310.15
768 250.60 291.98 309.22 312.59
769 250.89 294.50 309.38 317.81
770 251.18 298.86 310.90 323.40
771 252.09 303.19 313.50 330.19
772 253.91 307.78 317.57 337.35
773 256.75 312.81 322.01 343.08
774 259.39 318.35 325.76 348.58
775 262.06 323.46 330.39 354.09
776 264.48 328.36 333.56 359.13
777 267.69 332.06 338.34 362.42
778 270.15 335.19 341.52 366.00
779 273.02 338.12 344.98 369.38
780 274.85 342.30 347.75 374.73
781 278.97 344.80 353.54 378.66
782 282.78 348.82 356.59 383.03
783 285.99 350.55 356.81 384.56
784 288.69 351.64 357.87 383.84
785 290.49 353.35 357.59 385.15
786 293.04 354.65 357.70 385.12
787 294.46 355.10 356.43 383.91
788 296.36 355.80 357.78 383.35
789 298.31 359.31 357.07 385.62
790 300.13 359.43 357.87 384.55
791 301.91 359.80 359.13 383.53
792 304.01 360.75 361.80 383.19
793 303.74 363.07 362.44 385.83
794 303.77 364.83 361.88 388.28
795 303.02 365.69 361.20 390.44
796 302.82 366.74 361.00 392.94
797 302.66 367.41 360.48 396.48
798 303.77 368.28 362.25 399.67
799 303.57 368.78 362.78 401.78
800 303.38 369.11 363.48 403.62
801 303.28 369.44 363.60 404.39
802 303.33 369.33 363.34 404.48
803 303.47 369.38 363.91 404.68
804 303.61 369.59 364.07 404.79
805 303.50 369.63 363.68 404.94
806 303.54 369.23 363.26 404.49
807 303.26 369.37 363.43 404.59
808 303.34 369.23 363.48 404.26
809 303.14 369.27 362.87 404.44
810 303.49 369.08 363.02 404.53
811 303.34 369.68 363.29 404.99
812 303.36 369.40 363.49 404.11
813 302.50 370.37 364.09 406.28
814 302.37 370.78 364.58 407.27
815 302.64 370.59 364.46 406.28
816 302.21 370.49 364.79 406.77
817 302.42 370.60 364.87 406.65
818 302.45 370.35 364.43 406.03
819 302.95 370.43 365.05 406.15
820 302.37 370.04 364.50 406.61
821 302.53 370.06 364.47 406.56
822 302.15 370.13 364.78 406.32
823 302.55 370.34 364.75 406.98
824 302.73 370.31 364.64 406.96
825 302.27 370.40 363.98 407.06
826 302.58 370.46 364.60 407.43
827 301.74 370.39 364.07 406.67
828 301.95 370.41 364.13 406.46
829 301.96 370.64 364.46 407.33
830 301.63 370.78 363.91 406.83
831 302.60 370.57 364.25 406.56
832 301.97 370.55 364.42 406.48
833 301.36 370.27 363.82 406.75
834 302.13 370.62 364.31 406.81
835 302.09 370.55 364.69 406.71
836 301.71 370.92 363.98 407.18
837 301.71 370.86 364.29 406.98
838 302.53 370.94 364.28 407.37
839 301.84 370.75 364.14 406.65
840 302.17 370.71 364.43 406.71
841 302.20 370.91 363.93 407.00
842 302.28 370.90 364.07 407.07
843 302.61 370.83 364.43 407.20
844 302.09 371.13 364.20 407.18
845 302.02 371.23 364.37 407.78
846 301.55 371.16 364.30 407.50
847 301.63 371.24 364.53 407.54
848 301.50 370.95 364.09 407.47
849 302.10 370.88 364.52 407.29
850 301.82 370.73 363.97 408.04
851 301.86 370.67 364.32 407.46
852 301.61 370.78 363.96 407.84
853 302.34 370.98 364.42 408.10
854 302.18 370.74 364.70 407.39
855 302.11 371.05 364.25 407.46
856 302.10 370.88 364.43 407.16
857 301.97 370.67 364.21 407.72
858 302.10 371.13 364.66 407.92
859 301.60 371.10 364.16 407.75
860 302.31 370.75 364.60 407.21
861 302.24 370.86 364.49 407.71
862 301.80 371.33 364.35 407.86
863 301.39 371.47 363.44 407.65
864 302.62 371.08 364.47 406.79
865 301.85 371.49 364.70 407.32
866 302.49 371.41 364.89 407.14
867 301.97 371.21 364.50 407.17
868 301.79 371.62 364.17 407.57
869 302.01 371.66 364.48 406.88
870 301.82 371.59 364.13 407.59
871 301.90 371.36 364.59 406.70
872 301.75 371.27 364.36 407.39
873 302.25 371.42 364.22 407.53
874 302.53 371.22 364.57 406.72
875 301.54 371.69 363.85 407.25
876 302.78 371.39 364.47 406.65
877 302.09 371.42 364.59 407.26
878 301.81 371.63 363.88 407.27
879 301.76 370.93 364.00 406.91
880 302.09 371.11 364.20 406.73
881 301.43 371.06 364.20 406.56
882 301.51 371.04 364.13 407.38
883 301.90 371.31 364.89 406.71
884 302.12 371.18 364.62 407.03
885 301.82 371.27 364.43 406.82
886 301.24 371.33 363.91 406.63
887 301.53 371.24 364.09 406.74
888 301.86 371.34 364.28 407.47
889 301.93 371.23 364.28 406.50
